SCRUB 
0 0.0659 175.7992
0.181 0.0695 175.7992
0.196 0.0712 175.7992
0.199 0.073 175.7992
0.211 0.0739 175.7992
0.216 0.0757 175.7992
0.23 0.0784 175.5455
0.233 0.0801 175.5455
0.244 0.0819 175.5455
0.25 0.0837 175.2922
0.26 0.0855 175.2922
0.266 0.0882 175.2922
0.278 0.0899 175.2922
0.283 0.0917 175.0392
0.297 0.0926 174.7866
0.3 0.0953 174.7866
0.311 0.0971 174.5344
0.316 0.0988 174.5344
0.327 0.1015 174.5344
0.333 0.1033 174.5344
0.344 0.106 174.5344
0.35 0.1077 174.5344
0.363 0.1104 174.5344
0.366 0.1131 174.5344
0.377 0.1149 174.5344
0.383 0.1167 174.5344
0.394 0.1193 174.5344
0.4 0.122 174.5344
0.411 0.1247 174.5344
0.416 0.1273 174.5344
0.427 0.13 174.5344
0.433 0.1327 174.5344
0.447 0.1354 174.5344
0.45 0.1389 174.5344
0.461 0.1407 174.5344
0.466 0.1443 174.5344
0.477 0.1478 174.5344
0.483 0.1514 174.5344
0.494 0.1541 174.5344
0.5 0.1576 174.5344
0.511 0.1603 174.5344
0.516 0.1638 174.5344
0.53 0.1665 174.5344
0.533 0.1701 174.5344
0.544 0.1736 174.5344
0.55 0.1763 174.5344
0.561 0.1808 174.5344
0.566 0.1834 174.5344
0.58 0.187 174.5344
0.583 0.1897 174.5344
0.594 0.1932 174.5344
0.6 0.1959 174.5344
0.611 0.1986 174.5344
0.616 0.2021 174.5344
0.628 0.2048 174.5344
0.633 0.2084 174.5344
0.644 0.2119 174.5344
0.65 0.2155 174.5344
0.663 0.2191 174.5344
0.666 0.2226 174.5344
0.678 0.2262 174.5344
0.683 0.2306 174.5344
0.695 0.2351 174.5344
0.7 0.2386 174.7866
0.711 0.2422 175.2922
0.716 0.2467 175.2922
0.728 0.2502 175.5455
0.733 0.2547 175.7992
0.744 0.2591 176.3076
0.75 0.2627 176.5624
0.761 0.2671 177.0731
0.766 0.2716 177.329
0.778 0.2769 177.5852
0.783 0.2805 178.0989
0.794 0.285 178.614
0.8 0.2894 179.1306
0.811 0.2939 179.6487
0.816 0.2983 180.1683
0.828 0.3028 180.6894
0.833 0.3072 181.4738
0.844 0.3108 181.9987
0.85 0.3152 182.5251
0.863 0.3197 183.3176
0.867 0.3232 184.1134
0.878 0.3268 184.646
0.883 0.3313 185.4476
0.895 0.3348 185.984
0.9 0.3393 186.7914
0.911 0.3428 187.6024
0.917 0.3464 188.4169
0.928 0.35 189.2349
0.933 0.3544 190.0565
0.945 0.3571 190.8816
0.95 0.3606 191.7104
0.961 0.3642 192.5427
0.967 0.3669 193.3786
0.978 0.3695 194.2182
0.983 0.3731 195.0614
0.995 0.3758 196.1914
1 0.3785 197.0432
1.011 0.382 197.8986
1.017 0.3847 198.471
1.028 0.3874 199.3327
1.033 0.3891 200.1981
1.045 0.3927 201.0673
1.05 0.3954 201.9402
1.061 0.398 202.5243
1.067 0.4016 203.11
1.078 0.4052 203.9919
1.083 0.4069 204.8775
1.095 0.4105 205.4701
1.1 0.4141 206.3621
1.111 0.4176 206.959
1.117 0.4212 207.8575
1.128 0.4248 208.7599
1.133 0.4292 209.3637
1.145 0.4328 209.9693
1.15 0.4372 210.8809
1.163 0.4408 211.4908
1.167 0.4443 212.1025
1.178 0.4488 213.0234
1.183 0.4524 213.3312
1.195 0.4568 213.9482
1.2 0.4604 214.8771
1.212 0.4639 215.4986
1.217 0.4675 216.1219
1.228 0.4711 216.7469
1.233 0.4746 217.3738
1.245 0.4773 218.3176
1.25 0.4809 218.949
1.262 0.4844 219.5823
1.267 0.4871 220.5356
1.278 0.4907 221.1735
1.283 0.4933 221.8132
1.295 0.4969 222.7762
1.3 0.4996 223.4205
1.312 0.5031 224.0667
1.317 0.5058 224.7148
1.328 0.5085 225.3647
1.333 0.5129 226.0165
1.345 0.5156 226.3431
1.35 0.5191 227.3258
1.362 0.5227 227.6543
1.367 0.5254 228.3128
1.378 0.5289 228.6427
1.383 0.5325 229.304
1.395 0.5361 229.304
1.4 0.5396 229.6354
1.412 0.5432 229.9672
1.417 0.5467 230.2996
1.428 0.5503 230.2996
1.433 0.553 230.2996
1.445 0.5565 230.2996
1.45 0.5601 230.2996
1.462 0.5637 230.2996
1.467 0.5672 230.2996
1.479 0.5708 230.2996
1.483 0.5735 230.2996
1.495 0.5761 230.2996
1.5 0.5797 230.2996
1.512 0.5824 229.9672
1.517 0.585 229.6354
1.529 0.5877 229.304
1.533 0.5895 229.304
1.545 0.5922 228.9731
1.55 0.5939 228.3128
1.562 0.5966 228.3128
1.567 0.5984 227.9833
1.579 0.6002 227.3258
1.583 0.6028 226.9978
1.595 0.6037 226.3431
1.6 0.6055 226.0165
1.612 0.6082 225.6904
1.617 0.61 225.0395
1.629 0.6126 224.7148
1.634 0.6144 224.0667
1.646 0.6171 223.4205
1.65 0.6189 222.7762
1.662 0.6215 222.1337
1.667 0.6233 221.4931
1.679 0.6251 220.8543
1.684 0.6278 220.2174
1.695 0.6296 219.2654
1.7 0.6313 218.3176
1.712 0.6331 217.3738
1.717 0.6358 216.4342
1.729 0.6376 215.81
1.734 0.6394 214.8771
1.746 0.642 213.9482
1.75 0.6447 213.0234
1.762 0.6474 212.1025
1.767 0.6492 211.1856
1.779 0.6518 210.5766
1.784 0.6554 209.6663
1.796 0.6581 208.7599
1.8 0.6607 207.8575
1.812 0.6643 206.959
1.817 0.667 205.767
1.829 0.6696 204.8775
1.834 0.6714 203.6975
1.846 0.6741 202.817
1.85 0.6768 201.9402
1.862 0.6803 200.7771
1.867 0.683 199.9092
1.879 0.6866 198.7578
1.884 0.6892 197.8986
1.896 0.6928 197.0432
1.9 0.6963 195.9083
1.912 0.6999 195.0614
1.917 0.7044 194.2182
1.929 0.7088 192.8209
1.934 0.7124 191.9874
1.946 0.7168 190.8816
1.95 0.7213 189.7822
1.963 0.7248 188.6892
1.967 0.7293 187.8735
1.979 0.7337 186.7914
1.984 0.7382 185.4476
1.996 0.7427 184.3795
2 0.748 183.3176
2.012 0.7524 182.2617
2.017 0.7569 180.9505
2.029 0.7614 179.9083
2.034 0.7658 178.8721
2.046 0.7711 177.8419
2.05 0.7756 176.8176
2.063 0.7801 175.7992
2.067 0.7845 174.7866
2.079 0.7898 173.7799
2.084 0.7943 172.779
2.096 0.7988 172.0322
2.1 0.8023 171.0413
2.113 0.8068 170.302
2.117 0.8103 169.0768
2.129 0.8139 168.3459
2.134 0.8183 167.6181
2.146 0.8219 166.8936
2.151 0.8272 166.4122
2.163 0.8308 165.6929
2.167 0.8344 165.4538
2.179 0.8397 164.9766
2.184 0.8433 164.5008
2.197 0.8477 164.2635
2.2 0.8513 163.7897
2.213 0.854 163.3174
2.217 0.8575 163.0817
2.229 0.8602 162.6114
2.234 0.8638 162.3767
2.246 0.8673 161.9085
2.251 0.87 161.6748
2.263 0.8727 161.4415
2.267 0.8762 160.9759
2.28 0.8798 160.9759
2.284 0.8825 160.9759
2.296 0.8851 160.9759
2.301 0.8887 160.7436
2.313 0.8914 160.7436
2.317 0.894 160.7436
2.334 0.8976 160.7436
2.351 0.9029 160.7436
2.367 0.9065 160.7436
2.38 0.9092 160.9759
2.384 0.911 160.9759
2.396 0.9127 161.2086
2.401 0.9145 161.4415
2.414 0.9145 161.6748
2.417 0.9154 161.6748
2.43 0.9163 161.6748
2.434 0.9172 161.9085
2.446 0.9181 162.3767
2.451 0.9199 162.3767
