SCRUB 
0 0.2598 193.3786
0.175 0.2618 194.4988
0.185 0.2627 194.4988
0.202 0.2647 194.4988
0.217 0.2725 194.7799
0.235 0.2784 195.3433
0.251 0.2843 195.9083
0.268 0.2912 197.3279
0.285 0.299 198.7578
0.301 0.3078 200.4874
0.319 0.3167 202.5243
0.333 0.3255 204.5819
0.351 0.3353 206.6604
0.369 0.3451 209.3637
0.386 0.3549 211.7964
0.401 0.3647 214.2574
0.418 0.3755 216.4342
0.435 0.3863 218.949
0.452 0.3961 221.4931
0.469 0.4069 224.0667
0.484 0.4167 226.0165
0.502 0.4275 227.6543
0.519 0.4363 228.9731
0.535 0.4441 229.6354
0.552 0.452 229.9672
0.569 0.4598 229.9672
0.587 0.4667 229.304
0.602 0.4755 227.6543
0.618 0.4833 226.0165
0.636 0.4912 224.0667
0.652 0.5 221.4931
0.668 0.5069 218.0025
0.686 0.5157 215.1876
0.703 0.5235 212.409
0.719 0.5314 209.9693
0.735 0.5392 207.8575
0.754 0.5461 206.0644
0.769 0.5549 204.8775
0.786 0.5637 203.9919
0.803 0.5725 203.11
0.818 0.5814 203.11
0.835 0.5912 203.11
0.852 0.601 203.11
0.871 0.6118 203.11
0.886 0.6245 203.6975
0.902 0.6363 205.1736
0.92 0.6471 206.6604
0.936 0.6588 208.7599
0.953 0.6696 211.4908
0.971 0.6794 213.6395
0.986 0.6892 215.81
1.003 0.699 218.6331
1.021 0.7088 221.4931
1.036 0.7167 224.0667
1.054 0.7245 226.0165
1.07 0.7314 227.6543
1.087 0.7373 229.304
1.102 0.7402 230.2996
1.119 0.7431 230.9656
1.136 0.7431 231.2994
