SCRUB 
0 0.2784 150.1959
0.0476 0.2902 151.5029
0.0525 0.2931 151.5029
0.0588 0.2961 151.5029
0.0763 0.301 151.5029
0.0918 0.3059 151.5029
0.1102 0.3118 151.5029
0.1279 0.3167 151.2842
0.1431 0.3225 151.0659
0.1606 0.3284 151.0659
0.2098 0.3343 151.0659
0.2099 0.3412 151.2842
0.2141 0.348 152.3805
0.2327 0.3549 153.4847
0.2612 0.3618 155.0441
0.2615 0.3696 157.2992
0.2759 0.3775 159.5872
0.2944 0.3843 161.9085
0.3137 0.3912 164.7386
0.3314 0.398 167.8604
0.3479 0.4059 171.0413
0.3675 0.4137 174.2826
0.3857 0.4206 177.0731
0.3954 0.4275 180.1683
0.414 0.4353 182.7889
0.429 0.4441 184.9128
0.4425 0.452 185.984
0.4607 0.4588 186.7914
0.5105 0.4667 187.0614
0.5108 0.4765 187.3317
0.5165 0.4853 187.3317
0.5311 0.4931 186.2527
0.5457 0.501 184.646
0.5663 0.5088 182.5251
0.5799 0.5157 179.6487
0.5935 0.5225 177.0731
0.6025 0.5294 174.2826
0.6274 0.5373 171.2885
0.6467 0.5431 168.5891
0.6672 0.55 166.1721
0.6789 0.5559 163.7897
0.727 0.5618 161.6748
0.7271 0.5686 160.2801
0.7312 0.5745 158.668
0.7441 0.5804 157.2992
0.7605 0.5863 155.9422
0.8027 0.5912 155.2681
0.8054 0.598 155.0441
0.8138 0.6039 155.0441
0.8458 0.6088 155.0441
0.846 0.6147 156.3933
0.8596 0.6196 158.668
0.8781 0.6255 161.4415
0.8934 0.6314 165.215
0.9134 0.6373 168.5891
0.9302 0.6422 173.0287
0.936 0.6471 177.5852
0.9593 0.65 183.3176
0.9782 0.6549 188.9618
0.9957 0.6588 194.4988
1.0266 0.6647 200.4874
1.0303 0.6696 206.0644
1.0364 0.6755 211.4908
1.0645 0.6814 217.0602
1.1034 0.6863 221.8132
1.1043 0.6931 226.3431
1.1152 0.7 230.6324
1.145 0.7059 233.987
1.1454 0.7118 236.7058
1.1604 0.7167 237.7335
1.18 0.7216 238.4211
1.2016 0.7255 238.4211
1.2154 0.7294 237.7335
1.2274 0.7343 235.6826
1.2438 0.7382 232.6393
1.264 0.7422 229.304
1.2979 0.7451 226.6702
1.301 0.749 224.3905
1.3065 0.752 222.4547
1.3366 0.7549 221.4931
1.3512 0.7588 221.4931
