SCRUB 
0 0.201 188.9618
0.108 0.201 186.7914
0.118 0.2029 186.7914
0.135 0.2088 186.7914
0.161 0.2157 188.4169
0.168 0.2235 191.1575
0.184 0.2304 194.4988
0.201 0.2392 198.471
0.217 0.2471 203.11
0.234 0.2549 209.6663
0.25 0.2608 215.81
0.268 0.2676 223.7434
0.284 0.2745 232.3036
0.301 0.2814 240.8433
0.317 0.2882 249.697
0.334 0.2951 259.2502
0.35 0.3029 269.1689
0.368 0.3118 280.6804
0.384 0.3196 290.9985
0.401 0.3275 301.2605
0.417 0.3363 310.985
0.434 0.3451 318.7138
0.451 0.351 325.2228
0.468 0.3569 329.4771
0.484 0.3608 331.3858
0.5 0.3647 332.8245
0.518 0.3667 333.3055
0.534 0.3696 333.3055
0.55 0.3716 332.8245
0.568 0.3725 329.4771
0.584 0.3725 325.2228
0.6 0.3735 319.6356
0.618 0.3745 313.6912
0.634 0.3755 308.3022
0.651 0.3775 302.5685
0.667 0.3784 297.3705
0.684 0.3804 291.419
0.701 0.3824 285.5866
0.717 0.3843 278.259
0.733 0.3863 271.9035
0.753 0.3892 265.3099
0.769 0.3912 259.6248
0.787 0.3951 253.3289
0.802 0.4 247.9006
0.819 0.4059 241.889
0.837 0.4118 237.0478
0.852 0.4196 232.3036
0.87 0.4275 228.3128
0.887 0.4373 224.7148
0.902 0.4471 221.8132
0.92 0.4578 219.5823
0.936 0.4696 218.0025
0.953 0.4824 217.0602
0.969 0.4951 216.4342
0.986 0.5098 216.4342
1.003 0.5225 216.4342
1.021 0.5373 216.4342
1.037 0.551 217.0602
1.056 0.5637 217.3738
1.074 0.5765 217.3738
1.093 0.5882 217.3738
1.11 0.6 217.3738
1.127 0.6108 216.1219
1.143 0.6206 214.567
1.159 0.6304 213.0234
1.167 0.6402 211.4908
1.184 0.65 209.9693
1.201 0.6588 208.1579
1.218 0.6686 206.959
1.235 0.6775 205.4701
1.254 0.6863 203.9919
1.269 0.6961 202.5243
1.287 0.7059 201.3578
1.304 0.7147 199.6207
1.323 0.7245 198.1846
1.345 0.7333 196.4749
1.351 0.7431 195.3433
1.367 0.7529 193.9379
1.385 0.7618 192.5427
1.404 0.7716 191.4337
1.42 0.7804 190.6062
1.437 0.7902 189.5084
1.455 0.799 188.9618
1.474 0.8078 188.6892
1.5 0.8167 188.4169
1.507 0.8255 188.4169
1.523 0.8343 188.4169
1.542 0.8422 188.4169
1.56 0.851 188.4169
1.578 0.8627 189.7822
1.584 0.8755 191.1575
1.601 0.8882 191.7104
