SCRUB 
0 0.151 180.9505
0.05 0.151 179.1306
0.064 0.151 178.614
0.081 0.151 177.5852
0.099 0.1539 176.0532
0.11 0.1578 174.7866
0.135 0.1627 173.7799
0.15 0.1686 173.2788
0.168 0.1755 173.0287
0.184 0.1833 173.0287
0.2 0.1912 173.0287
0.215 0.199 173.0287
0.238 0.2088 173.0287
0.245 0.2186 173.7799
0.261 0.2294 175.0392
0.279 0.2392 176.0532
0.295 0.249 177.329
0.312 0.2578 179.1306
0.329 0.2667 181.4738
0.344 0.2755 183.5825
0.361 0.2824 185.984
0.38 0.2873 188.6892
0.395 0.2912 191.4337
0.412 0.2951 194.2182
0.43 0.298 197.0432
0.447 0.302 200.4874
0.465 0.3049 203.9919
0.483 0.3069 208.1579
0.5 0.3098 212.716
0.517 0.3127 218.6331
0.536 0.3176 225.0395
0.543 0.3225 233.3122
0.559 0.3275 241.889
0.576 0.3314 251.5064
0.594 0.3353 261.1288
0.612 0.3412 271.1194
0.628 0.348 281.899
0.646 0.3569 291.8401
0.662 0.3657 300.3917
0.68 0.3755 309.1938
0.697 0.3843 315.5084
0.716 0.3922 319.6356
0.735 0.398 321.4873
0.752 0.4039 322.4171
0.769 0.4098 322.4171
0.785 0.4137 321.4873
0.8 0.4196 319.6356
0.818 0.4255 317.7947
0.835 0.4304 314.5985
0.853 0.4363 310.0881
0.86 0.4431 305.2014
0.876 0.448 299.9582
0.895 0.4539 295.2312
0.913 0.4588 290.5786
0.931 0.4627 285.9993
0.95 0.4667 281.086
0.969 0.4706 275.4604
0.985 0.4735 270.3375
1.001 0.4755 264.927
1.018 0.4784 260.752
1.036 0.4814 257.0136
1.052 0.4853 252.9633
1.069 0.4892 248.9769
1.086 0.4941 243.9939
1.103 0.498 239.1106
1.108 0.5029 234.6637
1.126 0.5098 230.6324
1.144 0.5167 228.3128
1.163 0.5245 226.9978
1.179 0.5353 226.6702
1.199 0.5461 226.3431
1.219 0.5569 226.3431
1.236 0.5686 226.3431
1.252 0.5794 226.3431
1.268 0.5863 226.0165
1.286 0.5912 224.7148
1.292 0.5951 222.7762
1.309 0.5971 219.5823
1.329 0.598 216.1219
1.347 0.6 210.8809
1.367 0.6 205.1736
1.386 0.601 199.045
1.403 0.6039 195.3433
1.41 0.6088 192.5427
1.427 0.6137 190.0565
1.446 0.6206 187.3317
1.467 0.6265 184.3795
1.486 0.6333 181.212
1.492 0.6402 178.3562
1.51 0.6471 175.5455
1.532 0.6539 172.5297
1.55 0.6608 169.5658
1.57 0.6676 166.8936
1.577 0.6755 164.2635
1.595 0.6833 161.6748
1.615 0.6931 159.127
1.634 0.702 155.7172
1.653 0.7127 151.941
1.671 0.7225 148.0425
1.676 0.7324 145.2893
1.694 0.7431 142.7933
1.715 0.7539 141.1532
1.734 0.7657 139.9355
1.754 0.7784 139.3306
1.759 0.7912 138.7283
1.778 0.8039 138.3282
1.8 0.8167 138.1286
1.818 0.8275 137.9292
1.837 0.8373 137.7302
1.842 0.8461 137.7302
1.86 0.8539 137.7302
1.88 0.8588 137.7302
1.898 0.8647 137.7302
1.919 0.8667 137.5315
1.938 0.8696 137.5315
1.944 0.8716 137.5315
1.962 0.8725 137.333
1.982 0.8745 137.1348
2.001 0.8755 136.9369
2.021 0.8775 136.9369
2.026 0.8784 136.7393
2.045 0.8804 136.542
2.064 0.8814 136.542
2.085 0.8833 136.542
2.092 0.8833 136.345
2.111 0.8853 136.1482
2.134 0.8873 135.7556
2.153 0.8912 134.7789
