SCRUB 
0.035 0.17 195.91
0.053 0.17 195.91
0.073 0.18 195.91
0.091 0.19 195.91
0.105 0.2 195.91
0.121 0.21 195.91
0.139 0.22 196.47
0.157 0.23 196.76
0.174 0.25 197.04
0.189 0.26 197.9
0.206 0.27 198.76
0.223 0.28 199.91
0.238 0.29 201.07
0.255 0.31 202.52
0.272 0.32 203.99
0.29 0.33 205.17
0.306 0.34 206.66
0.323 0.35 208.46
0.34 0.36 210.27
0.356 0.37 212.1
0.372 0.38 213.64
0.39 0.39 215.5
0.407 0.4 217.69
0.423 0.41 220.22
0.44 0.42 222.78
0.457 0.42 225.04
0.473 0.43 227.33
0.49 0.44 229.97
0.506 0.45 232.64
0.523 0.45 235.34
0.54 0.46 237.73
0.557 0.46 240.84
0.574 0.47 244.7
0.591 0.48 248.26
0.609 0.49 252.23
0.626 0.5 255.9
0.641 0.5 259.62
0.657 0.51 262.64
0.675 0.52 265.69
0.692 0.53 268.39
0.709 0.54 270.73
0.718 0.55 272.69
0.733 0.55 274.27
0.752 0.56 274.67
0.77 0.57 275.06
0.788 0.58 275.46
0.807 0.58 275.46
0.825 0.59 275.46
0.841 0.59 274.67
0.859 0.6 273.48
0.876 0.6 272.3
0.886 0.61 270.73
0.91 0.61 269.17
0.917 0.62 267.62
0.933 0.62 265.69
0.951 0.63 263.78
0.97 0.63 261.88
0.986 0.64 260.38
1.002 0.64 258.5
1.02 0.65 256.64
1.035 0.65 255.16
1.054 0.65 253.33
1.071 0.66 251.87
1.089 0.66 250.06
1.107 0.67 248.98
1.125 0.67 247.54
1.143 0.68 245.76
1.159 0.68 244.35
1.177 0.69 242.59
1.192 0.7 240.84
1.208 0.7 239.11
1.226 0.71 237.73
1.244 0.72 236.36
1.25 0.73 234.66
1.267 0.74 233.31
1.284 0.74 231.63
1.304 0.75 229.97
1.32 0.76 228.31
1.338 0.78 226.67
1.356 0.79 225.36
1.375 0.8 223.74
1.394 0.81 222.45
1.41 0.82 220.85
1.417 0.83 219.58
1.443 0.84 218.32
1.45 0.86 217.37
1.467 0.87 216.43
1.485 0.88 215.81
1.504 0.89 215.19
1.521 0.9 214.88
1.541 0.91 214.57
1.559 0.92 214.57
1.577 0.92 214.26
1.583 0.93 214.26
1.6 0.94 213.95
1.619 0.94 213.95
1.638 0.95 213.95
1.655 0.95 213.95
1.674 0.96 213.95
1.693 0.96 213.95
1.701 0.96 213.95
