SCRUB 
0 0.0265 144.0359
8e-04 0.0422 144.0359
0.0011 0.051 143.6205
0.0023 0.0539 143.4132
0.0043 0.0608 143.2063
0.0048 0.0696 142.5872
0.0238 0.0804 142.3815
0.0454 0.0931 142.176
0.0538 0.1078 142.176
0.0749 0.1235 142.176
0.1376 0.1402 142.176
0.138 0.1549 142.176
0.1381 0.1706 142.3815
0.1383 0.1863 142.5872
0.161 0.2 142.9997
0.1857 0.2147 143.4132
0.1892 0.2275 144.244
0.2095 0.2392 145.2893
0.2325 0.251 146.5536
0.2496 0.2598 148.4707
0.2708 0.2686 150.8479
0.2815 0.2765 153.4847
0.2999 0.2833 156.3933
0.3041 0.2882 159.3569
0.3329 0.2922 162.3767
0.3478 0.2961 165.6929
0.3625 0.3 168.5891
0.4328 0.3049 171.536
0.4334 0.3088 174.7866
0.4337 0.3127 177.0731
0.4339 0.3167 179.1306
0.4379 0.3206 180.9505
0.4698 0.3235 182.5251
0.4763 0.3275 183.3176
0.507 0.3324 183.5825
0.5244 0.3373 183.8478
0.5396 0.3451 183.8478
0.5582 0.352 183.8478
0.5703 0.3598 183.8478
0.5706 0.3667 183.8478
0.6055 0.3745 183.3176
0.6087 0.3824 183.053
0.617 0.3902 183.053
0.6343 0.3971 183.3176
0.6563 0.4039 184.3795
0.6787 0.4098 185.7156
0.6898 0.4147 188.145
0.7458 0.4196 191.4337
0.7586 0.4235 194.7799
0.7589 0.4275 199.3327
0.759 0.4324 203.9919
0.7828 0.4373 209.6663
0.7995 0.4412 214.567
0.8214 0.4451 220.2174
0.8394 0.449 225.0395
0.8432 0.4529 230.6324
0.887 0.4578 235.3425
0.8887 0.4637 240.8433
0.8889 0.4686 245.762
0.909 0.4775 250.781
0.9663 0.4863 254.7964
0.9665 0.4951 258.8761
0.9667 0.5039 261.8841
0.9838 0.5137 264.5447
0.9847 0.5245 266.0772
1.0416 0.5343 267.2324
1.0435 0.5441 267.6186
1.0689 0.5539 267.6186
1.0703 0.5637 268.0053
1.0705 0.5745 268.0053
1.092 0.5863 268.3926
1.1107 0.5971 268.3926
1.1273 0.6059 268.3926
1.1604 0.6127 268.3926
1.1765 0.6167 266.0772
1.1943 0.6186 263.0211
1.1945 0.6216 260
1.2216 0.6235 255.9026
1.222 0.6265 251.8698
1.2408 0.6284 246.829
1.2738 0.6294 240.8433
1.2743 0.6294 234.6637
1.3457 0.6284 228.3128
1.3634 0.6265 222.4547
1.3644 0.6265 217.3738
1.3647 0.6265 212.1025
1.3825 0.6265 207.5576
1.3835 0.6265 203.11
1.4127 0.6284 198.471
1.4264 0.6314 194.4988
1.4274 0.6373 190.6062
1.4515 0.6431 187.0614
1.4737 0.652 183.5825
1.4781 0.6618 180.4286
1.4854 0.6735 177.5852
1.5092 0.6853 175.0392
1.5279 0.698 172.5297
1.5441 0.7088 170.5481
1.5587 0.7196 168.3459
1.5783 0.7314 166.4122
1.5838 0.7402 164.0264
1.6402 0.75 161.9085
1.6531 0.7588 159.8178
1.6533 0.7676 157.5265
1.7124 0.7745 155.4925
1.7242 0.7814 153.7065
1.7243 0.7863 151.941
1.7245 0.7922 149.9791
1.7316 0.7951 148.0425
1.7375 0.7971 146.1309
1.8027 0.801 144.4525
1.8253 0.8049 142.7933
1.8256 0.8108 141.766
1.8496 0.8196 140.7461
1.8733 0.8284 140.3402
1.8753 0.8382 139.9355
1.893 0.849 139.7335
1.9085 0.8608 139.7335
1.909 0.8735 139.5319
1.9684 0.8853 139.5319
1.9687 0.8961 139.3306
1.9688 0.9069 139.1295
1.9691 0.9147 138.9287
1.996 0.9235 138.3282
1.9962 0.9324 137.9292
2.0215 0.9412 137.5315
2.022 0.951 137.5315
2.0373 0.9627 137.5315
2.0822 0.9686 137.5315
