SCRUB 
0 0.2275 230.6324
0.082 0.2314 228.3128
0.095 0.2392 228.3128
0.112 0.249 228.3128
0.132 0.2588 228.3128
0.15 0.2686 228.3128
0.166 0.2794 230.2996
0.181 0.2892 232.9755
0.2 0.298 235.6826
0.214 0.3059 238.7656
0.232 0.3147 242.5886
0.248 0.3235 246.829
0.265 0.3324 251.5064
0.281 0.3392 255.9026
0.297 0.3461 260
0.316 0.352 263.4011
0.332 0.3569 266.4617
0.349 0.3598 269.1689
0.366 0.3637 271.5112
0.383 0.3676 273.4787
0.399 0.3725 276.2571
0.416 0.3755 278.259
0.433 0.3784 280.2754
0.449 0.3824 281.899
0.466 0.3853 283.1229
0.483 0.3873 283.9417
0.5 0.3892 284.3521
0.53 0.3902 284.3521
0.545 0.3902 283.9417
0.564 0.3902 281.899
0.579 0.3902 279.0638
0.597 0.3912 276.2571
0.616 0.3931 273.084
0.633 0.3951 269.1689
0.651 0.398 266.0772
0.668 0.4029 262.6415
0.685 0.4069 260
0.701 0.4118 257.3851
0.72 0.4167 254.0616
0.726 0.4225 251.5064
0.742 0.4275 249.697
0.76 0.4333 247.5429
0.778 0.4392 246.1171
0.793 0.4451 244.3465
0.811 0.452 243.2902
0.83 0.4578 241.5399
0.846 0.4647 240.1487
0.865 0.4716 239.1106
0.883 0.4794 238.077
0.9 0.4853 237.3904
0.918 0.4912 236.7058
0.925 0.499 235.6826
0.942 0.5069 234.6637
0.959 0.5157 233.6493
0.977 0.5225 232.3036
0.995 0.5314 231.2994
1.013 0.5392 229.9672
1.03 0.5471 228.9731
1.049 0.5549 227.9833
1.068 0.5637 227.3258
1.085 0.5725 226.9978
1.101 0.5794 226.3431
1.118 0.5882 226.0165
1.135 0.5951 225.3647
1.151 0.6029 224.7148
1.168 0.6108 224.3905
1.185 0.6176 224.3905
1.201 0.6255 223.7434
1.218 0.6324 223.4205
1.235 0.6402 223.0981
1.251 0.6471 223.0981
1.269 0.6539 223.0981
1.286 0.6627 223.0981
1.302 0.6706 223.0981
1.319 0.6794 223.0981
1.325 0.6863 223.0981
1.343 0.6941 223.4205
1.363 0.702 223.7434
1.38 0.7108 224.3905
1.399 0.7157 224.3905
1.419 0.7225 224.7148
1.436 0.7284 224.7148
1.442 0.7343 224.7148
1.458 0.7402 225.0395
1.479 0.7451 225.3647
1.498 0.75 225.6904
1.516 0.7559 226.3431
1.535 0.7618 226.6702
1.553 0.7676 226.9978
1.57 0.7735 227.6543
1.576 0.7784 227.9833
1.593 0.7833 228.3128
1.612 0.7882 228.9731
1.63 0.7922 229.304
1.65 0.7951 229.304
1.669 0.799 229.6354
1.676 0.801 229.6354
