SCRUB 
0 0.1897 219.2654
0.157 0.1932 217.3738
0.166 0.1941 217.3738
0.177 0.1959 217.3738
0.183 0.1968 217.3738
0.194 0.1986 217.3738
0.2 0.2004 217.3738
0.211 0.2021 217.3738
0.217 0.2039 217.3738
0.227 0.2066 217.3738
0.233 0.2084 217.3738
0.246 0.2102 217.3738
0.25 0.2119 217.3738
0.26 0.2137 217.3738
0.267 0.2164 217.3738
0.277 0.2182 217.3738
0.283 0.2208 217.688
0.296 0.2226 217.688
0.3 0.2253 217.688
0.31 0.228 218.0025
0.316 0.2306 218.3176
0.33 0.2333 218.3176
0.333 0.2369 218.6331
0.344 0.2404 219.2654
0.35 0.244 219.2654
0.36 0.2467 220.2174
0.367 0.2502 220.5356
0.375 0.2538 220.8543
0.383 0.2573 221.8132
0.394 0.2618 222.4547
0.4 0.2654 223.4205
0.41 0.2689 224.0667
0.417 0.2725 225.3647
0.429 0.2769 226.3431
0.433 0.2805 227.6543
0.444 0.2841 228.9731
0.45 0.2885 230.2996
0.463 0.2921 232.3036
0.466 0.2974 233.987
0.477 0.301 235.6826
0.483 0.3045 237.3904
0.496 0.3081 239.4562
0.5 0.3117 241.1914
0.511 0.3152 243.2902
0.516 0.3188 245.4073
0.527 0.3224 247.5429
0.533 0.3259 249.697
0.545 0.3295 251.8698
0.55 0.3321 253.695
0.561 0.3366 256.2724
0.567 0.3393 258.1295
0.577 0.3428 260.3757
0.583 0.3464 262.6415
0.596 0.3491 264.927
0.6 0.3517 266.8468
0.611 0.3553 268.7805
0.617 0.358 271.1194
0.63 0.3606 273.084
0.633 0.3642 275.4604
0.644 0.3669 277.0561
0.65 0.3695 278.6611
0.661 0.3722 280.6804
0.667 0.374 282.3064
0.678 0.3767 283.532
0.683 0.3793 285.1745
0.694 0.3811 286.4126
0.7 0.3829 287.6561
0.713 0.3856 288.905
0.717 0.3874 289.7406
0.728 0.3891 290.5786
0.733 0.3918 291.8401
0.744 0.3945 292.2619
0.75 0.3963 292.6842
0.762 0.3972 293.5307
0.767 0.3998 293.9549
0.778 0.4016 294.8051
0.783 0.4034 295.2312
0.797 0.4052 295.2312
0.8 0.4061 295.2312
0.811 0.4069 295.6578
0.817 0.4087 295.6578
0.829 0.4096 295.6578
0.844 0.4114 295.6578
0.85 0.4123 295.6578
0.867 0.4141 295.6578
0.875 0.415 295.2312
0.883 0.415 294.8051
0.894 0.4159 294.3797
0.9 0.4159 293.9549
0.911 0.4167 293.1072
0.917 0.4176 292.6842
0.93 0.4176 291.8401
0.933 0.4176 290.9985
0.944 0.4185 290.5786
0.95 0.4185 289.7406
0.964 0.4194 288.905
0.967 0.4203 288.0718
0.978 0.4203 286.8265
0.983 0.4203 286.4126
0.994 0.4212 285.1745
1 0.4212 284.3521
1.011 0.4221 283.532
1.017 0.423 282.3064
1.028 0.423 281.086
1.033 0.423 280.2754
1.047 0.4239 279.4671
1.05 0.4239 278.259
1.061 0.4248 277.0561
1.067 0.4248 276.2571
1.078 0.4256 275.4604
1.084 0.4265 274.2696
1.097 0.4274 273.084
1.1 0.4274 272.69
1.111 0.4292 271.9035
1.117 0.4301 270.7282
1.128 0.4301 270.3375
1.133 0.4319 269.9474
1.145 0.4328 269.1689
1.15 0.4346 268.7805
1.161 0.4354 268.0053
1.167 0.4381 267.6186
1.18 0.439 266.8468
1.184 0.4408 266.4617
1.195 0.4426 266.4617
1.2 0.4443 265.6933
1.214 0.447 265.3099
1.217 0.4488 265.3099
1.228 0.4515 264.927
1.233 0.4541 264.927
1.245 0.4568 264.927
1.25 0.4595 264.927
1.261 0.463 264.927
1.267 0.4657 264.927
1.278 0.4684 264.5447
1.284 0.4711 264.5447
1.297 0.4737 264.163
1.3 0.4764 264.163
1.312 0.4791 264.163
1.317 0.4817 263.7818
1.33 0.4844 263.4011
1.334 0.4871 263.0211
1.345 0.4898 263.0211
1.35 0.4924 262.6415
1.362 0.4942 262.2625
1.367 0.496 261.5062
1.381 0.4987 261.1288
1.384 0.5004 260.752
1.395 0.5031 260
1.4 0.5049 260
1.412 0.5076 259.2502
1.417 0.5085 258.8761
1.429 0.5111 257.757
1.434 0.5129 257.3851
1.445 0.5147 256.6428
1.45 0.5156 255.9026
1.462 0.5174 255.1646
1.467 0.5191 254.7964
1.478 0.52 253.695
1.484 0.5227 252.9633
1.495 0.5236 252.5983
1.5 0.5254 251.5064
1.512 0.5272 250.781
1.517 0.5289 250.0578
1.528 0.5307 249.3366
1.534 0.5316 248.6176
1.545 0.5325 247.5429
1.55 0.5352 246.829
1.562 0.5361 245.762
1.567 0.5378 244.6996
1.58 0.5387 243.9939
1.584 0.5405 242.9391
1.595 0.5414 241.889
1.6 0.5432 240.8433
1.612 0.5441 239.8022
1.617 0.5459 238.7656
1.628 0.5467 237.7335
1.634 0.5476 236.3642
1.645 0.5494 235.3425
1.65 0.5503 233.987
1.662 0.553 232.9755
1.667 0.5548 232.3036
1.679 0.5565 231.2994
1.684 0.5592 230.2996
1.695 0.5619 229.6354
1.7 0.5646 229.304
1.712 0.5681 228.6427
1.717 0.5708 228.3128
1.729 0.5744 227.6543
1.734 0.5788 227.3258
1.748 0.5815 226.9978
1.75 0.5859 226.6702
1.762 0.5886 226.3431
1.767 0.5931 226.3431
1.779 0.5966 226.3431
1.784 0.6011 226.0165
1.796 0.6046 226.0165
1.8 0.6082 226.0165
1.812 0.6126 225.6904
1.817 0.6162 225.6904
1.829 0.6207 225.6904
1.834 0.6242 225.6904
1.845 0.6278 225.3647
1.85 0.6313 225.0395
1.862 0.6358 225.0395
1.867 0.6385 224.7148
1.879 0.642 224.3905
1.884 0.6456 223.7434
1.895 0.6483 223.4205
1.901 0.6509 222.7762
1.912 0.6536 222.4547
1.917 0.6563 221.8132
1.929 0.6581 221.1735
1.934 0.6607 220.8543
1.946 0.6634 220.2174
1.951 0.6661 219.5823
1.962 0.6679 219.2654
1.967 0.6696 218.6331
1.979 0.6723 218.3176
1.984 0.6741 217.3738
1.996 0.6759 217.0602
2.001 0.6776 216.4342
2.012 0.6803 215.4986
2.017 0.6812 214.8771
2.03 0.6839 214.2574
2.034 0.6857 213.6395
2.046 0.6874 213.0234
2.051 0.6892 212.1025
2.062 0.691 211.4908
2.067 0.6937 210.5766
2.079 0.6955 209.6663
2.084 0.6963 208.7599
2.096 0.699 207.8575
2.101 0.7008 206.959
2.113 0.7026 206.3621
2.117 0.7053 205.4701
2.129 0.7079 204.5819
2.134 0.7097 203.9919
2.146 0.7124 203.11
2.151 0.715 202.5243
2.162 0.7168 201.9402
2.167 0.7195 201.3578
2.179 0.7231 200.4874
2.184 0.7257 199.9092
2.196 0.7284 199.3327
2.201 0.732 198.7578
2.213 0.7346 198.1846
2.217 0.7382 197.3279
2.229 0.7418 197.0432
2.234 0.7453 196.4749
2.246 0.7489 195.6256
2.251 0.7533 195.0614
2.263 0.7569 194.2182
2.267 0.7614 193.6581
2.279 0.7649 192.8209
2.284 0.7694 192.2648
2.296 0.7738 191.7104
2.301 0.7792 190.8816
2.313 0.7827 190.6062
2.317 0.7872 190.0565
2.329 0.7916 189.7822
2.334 0.7961 189.5084
2.346 0.7996 188.9618
2.351 0.8041 188.6892
2.363 0.8077 188.4169
2.367 0.8121 188.145
2.379 0.8157 187.8735
2.384 0.8192 187.8735
2.396 0.8219 187.8735
2.401 0.8246 187.6024
2.413 0.8272 187.3317
2.418 0.8299 187.0614
2.429 0.8317 187.0614
2.434 0.8335 187.0614
2.446 0.8353 186.7914
2.451 0.837 186.5219
2.465 0.8388 186.2527
2.467 0.8397 185.984
2.48 0.8406 185.984
2.484 0.8415 185.7156
2.496 0.8424 185.4476
