SCRUB 
0 0.2059 249.697
0.228 0.2059 251.5064
0.245 0.2078 252.2338
0.261 0.2098 252.9633
0.277 0.2118 254.0616
0.294 0.2147 255.1646
0.315 0.2186 256.6428
0.329 0.2235 258.1295
0.345 0.2275 260
0.362 0.2333 261.5062
0.379 0.2373 263.4011
0.396 0.2422 264.927
0.412 0.2461 266.4617
0.43 0.251 267.2324
0.448 0.2549 268.7805
0.465 0.2598 269.9474
0.483 0.2667 271.5112
0.499 0.2725 272.69
0.518 0.2784 273.8739
0.526 0.2843 275.0629
0.542 0.2912 275.8585
0.561 0.2961 277.0561
0.579 0.302 277.8575
0.593 0.3088 278.259
0.611 0.3147 279.0638
0.627 0.3206 279.0638
0.645 0.3245 279.4671
0.66 0.3294 279.4671
0.677 0.3333 279.4671
0.695 0.3382 279.4671
0.711 0.3441 279.4671
0.73 0.35 279.0638
0.747 0.3549 279.0638
0.766 0.3598 278.259
0.784 0.3647 278.259
0.802 0.3696 277.8575
0.818 0.3735 277.4565
0.834 0.3784 277.0561
0.851 0.3843 277.0561
0.867 0.3873 276.2571
0.883 0.3922 276.2571
0.902 0.3971 275.8585
0.919 0.402 275.4604
0.925 0.4069 275.0629
0.942 0.4118 274.2696
0.961 0.4157 274.2696
0.978 0.4206 273.8739
0.996 0.4235 273.084
1.014 0.4275 272.69
1.033 0.4324 272.2965
1.053 0.4363 271.9035
1.058 0.4412 271.5112
1.075 0.4461 271.5112
1.094 0.451 271.1194
1.114 0.4559 270.7282
1.131 0.4608 270.7282
1.15 0.4667 270.7282
1.168 0.4725 270.7282
1.185 0.4775 270.7282
1.202 0.4843 270.7282
1.209 0.4892 270.7282
1.225 0.4951 270.7282
1.244 0.5 270.7282
1.265 0.5059 270.7282
1.284 0.5118 270.7282
1.302 0.5167 270.7282
1.309 0.5216 270.7282
1.326 0.5275 270.7282
1.346 0.5324 270.7282
1.363 0.5392 270.7282
1.383 0.5451 271.1194
1.401 0.55 271.5112
1.42 0.5549 271.9035
1.425 0.5618 272.2965
1.442 0.5696 273.084
1.462 0.5775 273.4787
1.479 0.5853 275.0629
1.497 0.5941 276.2571
1.514 0.6029 277.8575
1.535 0.6118 279.0638
1.552 0.6225 281.086
1.559 0.6314 283.532
1.576 0.6373 285.1745
1.597 0.6431 286.4126
1.616 0.6471 287.6561
1.636 0.65 288.0718
1.643 0.652 289.3225
1.661 0.6549 290.1593
1.682 0.6608 291.419
1.701 0.6667 293.5307
1.72 0.6735 295.2312
1.725 0.6794 297.3705
1.745 0.6863 299.9582
1.767 0.6931 302.1319
1.786 0.7 303.8821
1.792 0.7049 305.6425
1.811 0.7108 306.5265
1.83 0.7147 307.413
1.853 0.7196 308.3022
1.871 0.7255 309.6407
1.877 0.7304 310.985
1.896 0.7343 311.4344
1.914 0.7363 312.3352
1.937 0.7373 312.3352
1.944 0.7382 312.3352
1.963 0.7402 312.7865
2.003 0.7422 312.7865
2.008 0.7431 312.7865
2.028 0.7441 312.7865
2.048 0.7461 312.7865
2.067 0.7471 312.7865
2.086 0.749 312.7865
2.091 0.75 312.7865
2.109 0.752 312.7865
2.131 0.7529 312.3352
2.15 0.7539 312.3352
2.17 0.7569 312.3352
