SCRUB 
0 0.2088 195.0614
0.138 0.2137 196.4749
0.161 0.2147 198.471
0.176 0.2147 199.045
0.185 0.2167 199.9092
0.204 0.2186 201.0673
0.223 0.2216 201.9402
0.24 0.2235 202.5243
0.254 0.2255 203.11
0.272 0.2265 203.6975
0.29 0.2284 203.9919
0.307 0.2304 204.5819
0.327 0.2333 205.1736
0.342 0.2363 205.767
0.359 0.2402 206.3621
0.376 0.2451 207.2581
0.392 0.249 207.8575
0.41 0.2539 208.7599
0.426 0.2578 209.3637
0.444 0.2627 209.9693
0.46 0.2676 210.5766
0.478 0.2735 211.4908
0.493 0.2804 212.1025
0.51 0.2873 212.409
0.528 0.2931 213.0234
0.544 0.299 213.6395
0.56 0.3059 214.2574
0.577 0.3137 215.1876
0.596 0.3216 215.81
0.602 0.3284 217.0602
0.618 0.3353 218.3176
0.635 0.3422 219.2654
0.654 0.349 220.2174
0.672 0.3559 221.4931
0.688 0.3618 222.7762
0.705 0.3676 224.0667
0.723 0.3735 225.3647
0.739 0.3794 227.3258
0.759 0.3853 229.304
0.778 0.3892 231.6337
0.795 0.3931 233.6493
0.812 0.3971 236.0231
0.829 0.4 238.4211
0.847 0.4039 240.8433
0.852 0.4069 243.6418
0.871 0.4098 245.762
0.889 0.4118 247.9006
0.909 0.4137 250.0578
0.928 0.4147 252.2338
0.935 0.4176 254.7964
0.951 0.4196 257.0136
0.971 0.4225 259.2502
0.991 0.4245 261.8841
1.009 0.4275 264.5447
1.029 0.4304 267.2324
1.047 0.4333 269.9474
1.053 0.4363 271.9035
1.07 0.4392 273.084
1.089 0.4402 274.2696
1.107 0.4422 275.0629
1.126 0.4431 275.4604
1.146 0.4441 276.2571
1.152 0.4451 276.6563
1.169 0.4461 276.6563
1.188 0.4471 276.6563
1.223 0.448 276.6563
1.229 0.449 276.6563
1.261 0.45 276.6563
1.278 0.451 276.6563
1.315 0.452 276.2571
1.322 0.452 275.8585
1.341 0.4529 275.0629
1.359 0.4539 273.8739
1.378 0.4549 272.69
1.396 0.4559 270.7282
1.402 0.4569 268.7805
1.419 0.4588 266.0772
1.438 0.4608 263.0211
1.459 0.4637 260
1.478 0.4657 257.757
1.497 0.4696 254.7964
1.503 0.4735 252.5983
1.523 0.4794 250.0578
1.542 0.4843 248.2588
1.562 0.4882 246.4728
1.582 0.4951 245.0532
1.589 0.5 243.2902
1.607 0.5069 241.889
1.624 0.5137 240.1487
1.646 0.5206 239.1106
1.664 0.5275 237.7335
1.67 0.5343 237.0478
1.688 0.5412 236.3642
1.706 0.548 235.6826
1.728 0.5539 235.0029
1.747 0.5598 234.3251
1.752 0.5657 233.987
1.772 0.5725 233.6493
1.792 0.5775 233.3122
1.813 0.5824 232.9755
1.82 0.5863 232.6393
1.838 0.5902 232.3036
1.857 0.5931 231.9684
1.878 0.5961 231.6337
1.897 0.599 231.6337
1.902 0.602 231.2994
1.922 0.6049 230.9656
1.94 0.6069 230.6324
1.963 0.6098 230.2996
1.969 0.6118 230.2996
1.987 0.6157 229.9672
2.008 0.6186 229.304
2.027 0.6245 229.304
2.047 0.6294 228.9731
2.051 0.6343 228.3128
2.07 0.6402 227.9833
2.093 0.6451 227.3258
2.113 0.65 226.6702
2.132 0.6539 226.0165
2.139 0.6578 225.0395
2.159 0.6618 224.3905
2.179 0.6676 223.0981
2.199 0.6716 222.4547
2.205 0.6775 221.8132
2.224 0.6824 221.4931
2.245 0.6873 220.8543
2.265 0.6922 220.8543
2.271 0.698 220.8543
2.291 0.7039 220.8543
2.312 0.7098 220.8543
2.332 0.7147 220.8543
2.338 0.7196 221.1735
2.358 0.7235 221.4931
2.378 0.7275 222.4547
2.397 0.7314 223.0981
2.402 0.7353 223.7434
2.422 0.7373 224.3905
2.445 0.7402 224.7148
2.464 0.7422 225.3647
2.469 0.7431 226.0165
2.489 0.7461 226.6702
2.509 0.749 227.3258
2.531 0.751 227.6543
2.537 0.7529 228.3128
2.557 0.7559 228.9731
2.58 0.7608 229.6354
