SCRUB 
0 0.152 163.7897
0.07 0.1461 165.6929
0.088 0.1471 166.8936
0.105 0.151 168.5891
0.125 0.1559 170.7945
0.139 0.1598 173.5292
0.156 0.1647 176.5624
0.173 0.1696 179.9083
0.19 0.1755 183.3176
0.208 0.1824 187.6024
0.225 0.1902 191.9874
0.242 0.1961 196.4749
0.259 0.2049 201.3578
0.276 0.2127 206.0644
0.292 0.2196 210.2727
0.309 0.2255 214.567
0.326 0.2324 218.6331
0.343 0.2392 222.4547
0.359 0.2461 226.0165
0.376 0.252 228.9731
0.393 0.2578 231.6337
0.408 0.2647 233.6493
0.425 0.2725 235.3425
0.443 0.2804 236.0231
0.459 0.2863 236.7058
0.475 0.2912 236.7058
0.491 0.2961 236.0231
0.508 0.299 233.6493
0.525 0.3029 230.6324
0.542 0.3049 226.6702
0.558 0.3078 222.7762
0.576 0.3118 218.6331
0.593 0.3167 214.567
0.613 0.3216 210.2727
0.623 0.3265 206.0644
0.646 0.3304 201.3578
0.653 0.3353 197.0432
0.669 0.3392 193.3786
0.687 0.3451 188.6892
0.703 0.35 184.9128
0.719 0.3539 180.1683
0.737 0.3578 176.8176
0.755 0.3627 173.2788
0.772 0.3676 170.7945
0.79 0.3735 168.5891
0.808 0.3794 167.6181
0.825 0.3863 166.8936
0.842 0.3931 166.6527
0.859 0.401 166.6527
0.877 0.4108 167.6181
0.894 0.4186 169.8108
0.91 0.4275 172.5297
0.926 0.4363 175.5455
0.944 0.4441 179.6487
0.961 0.451 183.3176
0.977 0.4569 187.6024
0.992 0.4627 191.7104
1.011 0.4686 196.4749
1.028 0.4745 201.0673
1.043 0.4804 205.767
1.06 0.4853 210.2727
1.077 0.4912 214.8771
1.086 0.4971 219.5823
1.111 0.5029 224.3905
1.118 0.5098 228.9731
1.135 0.5157 233.6493
1.151 0.5216 237.7335
1.17 0.5275 242.2385
1.188 0.5333 246.4728
1.204 0.5392 250.0578
1.223 0.5451 254.0616
1.239 0.552 257.757
1.259 0.5569 261.5062
1.278 0.5637 264.927
1.295 0.5706 268.0053
1.311 0.5765 270.7282
1.329 0.5824 272.2965
1.345 0.5882 273.4787
1.362 0.5941 274.2696
1.379 0.6 274.666
1.395 0.6049 274.666
1.413 0.6088 273.4787
1.43 0.6127 270.7282
1.436 0.6167 267.6186
1.453 0.6206 263.7818
1.473 0.6255 260
1.494 0.6314 255.9026
1.512 0.6382 251.1434
1.529 0.6451 246.829
1.545 0.652 241.1914
1.553 0.6588 236.7058
1.569 0.6686 230.6324
1.587 0.6775 225.3647
1.607 0.6863 219.2654
1.625 0.6951 213.6395
1.645 0.7069 206.6604
1.663 0.7176 200.7771
1.669 0.7294 195.0614
1.686 0.7422 188.6892
1.705 0.7559 182.5251
1.722 0.7706 176.5624
1.741 0.7853 170.5481
1.758 0.8 164.7386
1.778 0.8147 159.127
1.796 0.8314 153.7065
1.801 0.848 148.4707
1.819 0.8647 143.6205
1.839 0.8804 138.9287
1.858 0.8971 133.4234
