SCRUB 
0 0.0186 162.3767
0.043 0.0245 162.6114
0.057 0.0265 162.6114
0.073 0.0333 162.6114
0.084 0.0441 162.1424
0.101 0.0578 161.4415
0.128 0.0735 160.7436
0.143 0.0902 160.5117
0.16 0.1098 160.2801
0.176 0.1294 160.2801
0.193 0.149 160.7436
0.208 0.1667 161.9085
0.225 0.1833 164.2635
0.242 0.198 166.8936
0.26 0.2137 170.302
0.277 0.2265 174.5344
0.292 0.2382 180.1683
0.309 0.2471 185.7156
0.319 0.2539 192.5427
0.344 0.2598 199.3327
0.361 0.2647 206.0644
0.376 0.2686 212.409
0.394 0.2696 219.5823
0.411 0.2706 226.3431
0.427 0.2706 233.6493
0.443 0.2706 241.889
0.46 0.2696 249.697
0.477 0.2696 257.3851
0.494 0.2696 266.0772
0.511 0.2696 273.084
0.528 0.2696 280.6804
0.536 0.2716 287.241
0.552 0.2755 294.8051
0.571 0.2804 299.9582
0.589 0.2853 305.2014
0.605 0.2922 309.1938
0.623 0.301 312.3352
0.641 0.3108 313.2385
0.659 0.3216 313.6912
0.677 0.3343 313.6912
0.694 0.349 310.5362
0.71 0.3637 305.6425
0.727 0.3775 299.9582
0.743 0.3892 293.9549
0.761 0.4 287.6561
0.777 0.4098 280.6804
0.795 0.4176 273.4787
0.811 0.4245 264.5447
0.827 0.4304 256.6428
0.844 0.4363 248.6176
0.861 0.4412 239.8022
0.877 0.4461 231.2994
0.894 0.449 224.0667
0.911 0.451 216.4342
0.927 0.452 209.9693
0.945 0.4549 204.8775
0.962 0.4588 199.6207
0.981 0.4637 195.9083
0.987 0.4706 193.0996
1.004 0.4804 190.8816
1.024 0.4902 189.2349
1.041 0.5029 188.9618
1.061 0.5157 188.9618
1.079 0.5294 189.7822
1.086 0.5422 191.9874
1.103 0.552 195.0614
1.123 0.5618 199.045
1.141 0.5706 203.11
1.16 0.5765 207.8575
1.179 0.5804 212.409
1.184 0.5824 218.0025
1.203 0.5824 223.0981
1.224 0.5833 229.304
1.241 0.5853 234.6637
1.261 0.5892 240.4958
1.279 0.5951 245.0532
1.295 0.6 248.9769
1.312 0.6049 252.5983
1.318 0.6098 255.1646
1.336 0.6127 256.6428
1.355 0.6157 257.0136
1.372 0.6206 257.0136
1.392 0.6255 255.9026
1.413 0.6314 252.9633
1.419 0.6363 249.3366
1.435 0.6422 244.3465
1.455 0.6471 238.7656
1.473 0.652 232.6393
1.493 0.6549 226.9978
1.511 0.6598 220.8543
1.528 0.6627 215.81
1.547 0.6657 209.9693
1.554 0.6696 205.4701
1.571 0.6735 200.4874
1.589 0.6765 195.9083
1.61 0.6804 190.8816
1.63 0.6843 186.7914
1.635 0.6892 182.2617
1.653 0.6951 178.614
1.674 0.702 175.2922
1.693 0.7108 171.7839
1.713 0.7196 168.5891
1.719 0.7314 165.4538
1.736 0.7422 162.1424
1.757 0.7539 159.127
1.777 0.7696 155.7172
1.796 0.7873 152.3805
1.801 0.8069 148.4707
1.82 0.8284 144.6612
1.842 0.85 140.7461
1.861 0.8745 137.5315
1.88 0.899 134.7789
1.885 0.9196 131.8909
