SCRUB 
0 0.002 166.6527
0.02 0.0098 166.6527
0.037 0.0216 166.1721
0.058 0.0353 165.4538
0.075 0.0539 164.7386
0.089 0.0725 164.7386
0.107 0.0931 164.7386
0.125 0.1127 164.7386
0.141 0.1304 165.9323
0.158 0.1461 167.3763
0.167 0.1598 169.3211
0.184 0.1716 172.0322
0.2 0.1833 174.7866
0.217 0.1931 177.8419
0.234 0.2029 181.9987
0.25 0.2127 185.984
0.267 0.2206 190.8816
0.284 0.2265 195.3433
0.302 0.2304 201.0673
0.32 0.2333 206.3621
0.336 0.2333 212.409
0.355 0.2353 219.2654
0.374 0.2353 225.3647
0.392 0.2353 232.3036
0.409 0.2353 240.1487
0.426 0.2363 247.1856
0.444 0.2373 254.7964
0.46 0.2392 261.8841
0.476 0.2392 268.7805
0.492 0.2402 275.4604
0.509 0.2422 281.899
0.526 0.2441 287.6561
0.542 0.2461 293.9549
0.561 0.249 299.0932
0.567 0.2529 304.3212
0.583 0.2559 309.6407
0.601 0.2608 314.5985
0.619 0.2676 319.1744
0.64 0.2755 322.883
0.657 0.2833 325.6928
0.675 0.2912 326.6348
0.693 0.3 327.1068
0.71 0.3118 327.1068
0.725 0.3216 324.2848
0.735 0.3333 318.7138
0.762 0.3441 312.7865
0.768 0.3529 306.0841
0.783 0.3608 298.6616
0.801 0.3686 290.5786
0.821 0.3765 282.7143
0.836 0.3843 274.2696
0.856 0.3902 266.0772
0.875 0.3951 258.5025
0.893 0.401 250.4192
0.91 0.4069 241.5399
0.927 0.4118 233.6493
0.944 0.4157 226.3431
0.96 0.4186 218.3176
0.978 0.4216 212.1025
0.985 0.4235 205.767
1 0.4265 199.9092
1.019 0.4304 195.3433
1.038 0.4343 190.8816
1.055 0.4402 187.8735
1.074 0.448 185.7156
1.091 0.4549 184.3795
1.111 0.4618 183.8478
1.117 0.4716 183.8478
1.135 0.4824 184.1134
1.154 0.4931 185.4476
1.171 0.5049 188.145
1.191 0.5157 191.4337
1.211 0.5225 195.3433
1.217 0.5294 199.9092
1.234 0.5343 204.5819
1.255 0.5373 210.2727
1.272 0.5402 215.4986
1.291 0.5412 221.8132
1.311 0.5431 227.6543
1.328 0.5451 233.6493
1.334 0.5471 239.1106
1.351 0.55 244.3465
1.371 0.5529 248.6176
1.389 0.5559 252.9633
1.409 0.5608 256.6428
1.428 0.5667 260
1.434 0.5725 262.2625
1.452 0.5794 263.7818
1.473 0.5863 264.5447
1.491 0.5941 264.5447
1.512 0.6 264.5447
1.517 0.6059 263.4011
1.536 0.6098 260.752
1.557 0.6137 257.3851
1.574 0.6167 252.9633
1.595 0.6206 248.6176
1.601 0.6235 243.2902
1.619 0.6265 238.4211
1.638 0.6284 233.6493
1.657 0.6314 228.3128
1.679 0.6343 223.4205
1.685 0.6382 218.3176
1.705 0.6412 213.6395
1.725 0.6451 209.0616
1.748 0.65 204.8775
1.755 0.6549 200.1981
1.771 0.6608 196.4749
1.793 0.6676 191.9874
1.813 0.6745 187.6024
1.82 0.6824 183.3176
1.844 0.6922 178.8721
1.851 0.7039 174.2826
1.869 0.7157 169.8108
1.889 0.7294 165.215
1.908 0.7422 160.9759
1.929 0.7559 156.6193
1.936 0.7686 153.0421
1.954 0.7814 149.1153
1.973 0.7931 145.9201
1.995 0.8059 142.9997
2.001 0.8216 140.3402
2.02 0.8422 137.9292
2.041 0.8647 135.5597
2.061 0.8873 133.2309
2.068 0.9078 131.3208
