SCRUB 
0 0.2431 226.9978
0.127 0.2549 224.7148
0.142 0.2578 224.7148
0.162 0.2598 224.7148
0.179 0.2627 224.7148
0.195 0.2667 224.7148
0.212 0.2706 224.7148
0.228 0.2755 224.7148
0.245 0.2784 224.7148
0.262 0.2824 224.7148
0.278 0.2863 224.7148
0.295 0.2892 224.7148
0.311 0.2922 225.0395
0.328 0.2961 225.3647
0.345 0.299 226.0165
0.363 0.3029 226.6702
0.379 0.3059 227.3258
0.396 0.3098 228.3128
0.414 0.3147 228.9731
0.431 0.3186 230.2996
0.449 0.3216 231.2994
0.467 0.3255 232.3036
0.484 0.3294 233.6493
0.499 0.3333 234.6637
0.515 0.3363 236.0231
0.533 0.3402 237.0478
0.549 0.3441 238.077
0.566 0.3461 239.1106
0.583 0.349 240.1487
0.601 0.351 240.8433
0.617 0.3529 241.889
0.632 0.3539 242.9391
0.649 0.3549 243.6418
0.666 0.3569 244.3465
0.684 0.3578 245.0532
0.699 0.3588 245.4073
0.716 0.3598 246.1171
0.732 0.3608 246.829
0.75 0.3618 247.5429
0.767 0.3627 248.6176
0.783 0.3637 249.697
0.801 0.3647 250.4192
0.816 0.3657 251.5064
0.832 0.3667 252.5983
0.85 0.3676 254.0616
0.868 0.3686 255.1646
0.884 0.3706 256.6428
0.9 0.3716 257.757
0.918 0.3735 259.2502
0.934 0.3755 261.1288
0.949 0.3784 262.6415
0.967 0.3804 264.5447
0.985 0.3824 266.0772
1.001 0.3843 268.0053
1.017 0.3863 269.5579
1.034 0.3882 271.1194
1.05 0.3912 272.69
1.066 0.3941 274.2696
1.085 0.3971 276.2571
1.1 0.4 278.259
1.117 0.4029 279.8709
1.135 0.4069 281.899
1.15 0.4098 283.1229
1.167 0.4127 284.3521
1.186 0.4157 285.9993
1.192 0.4186 286.8265
1.208 0.4225 288.0718
1.225 0.4255 289.3225
1.242 0.4304 290.5786
1.262 0.4343 291.419
1.279 0.4392 292.2619
1.297 0.4451 293.1072
1.316 0.451 293.1072
1.335 0.4578 293.5307
1.341 0.4667 293.5307
1.359 0.4755 293.5307
1.377 0.4853 292.6842
1.394 0.4931 291.419
1.414 0.501 289.7406
1.433 0.5088 288.0718
1.451 0.5147 286.4126
1.468 0.5196 284.3521
1.485 0.5245 282.7143
1.491 0.5304 280.6804
1.508 0.5363 278.259
1.527 0.5422 276.2571
1.548 0.548 274.2696
1.565 0.5529 273.084
1.585 0.5588 271.9035
1.592 0.5618 270.7282
1.609 0.5676 269.1689
1.628 0.5706 268.7805
1.646 0.5755 267.6186
1.666 0.5804 266.4617
1.686 0.5843 266.0772
1.703 0.5892 265.3099
1.709 0.5951 264.5447
1.726 0.6 263.7818
1.746 0.6059 263.4011
1.765 0.6118 263.4011
1.785 0.6157 263.4011
1.802 0.6225 263.4011
1.808 0.6284 263.4011
1.824 0.6363 264.927
1.845 0.6471 267.2324
1.862 0.6559 269.9474
1.882 0.6667 273.084
1.902 0.6765 276.6563
1.919 0.6843 280.6804
1.936 0.6922 284.763
1.942 0.7 288.4881
1.959 0.7078 293.1072
1.979 0.7157 296.9414
1.997 0.7235 301.2605
2.018 0.7343 306.0841
2.037 0.7441 310.0881
2.042 0.7569 314.5985
