SCRUB 
0 0.2147 156.1676
0.125 0.2255 155.9422
0.142 0.2275 155.9422
0.159 0.2324 155.9422
0.17 0.2392 155.9422
0.185 0.2461 155.9422
0.201 0.2529 155.9422
0.218 0.2588 155.9422
0.233 0.2637 155.9422
0.26 0.2686 156.1676
0.273 0.2725 156.1676
0.291 0.2784 156.1676
0.307 0.2853 156.3933
0.323 0.2941 156.6193
0.341 0.3029 157.5265
0.357 0.3098 157.9822
0.375 0.3167 158.668
0.393 0.3225 159.127
0.41 0.3275 159.5872
0.425 0.3324 160.2801
0.441 0.3373 160.9759
0.457 0.3412 161.9085
0.475 0.3451 163.0817
0.493 0.35 164.2635
0.509 0.3549 165.6929
0.524 0.3588 167.1347
0.541 0.3637 168.5891
0.559 0.3676 170.302
0.576 0.3716 172.0322
0.592 0.3755 173.7799
0.609 0.3794 175.5455
0.626 0.3833 177.5852
0.643 0.3863 180.1683
0.651 0.3882 183.3176
0.668 0.3912 186.2527
0.687 0.3941 189.5084
0.703 0.3971 192.8209
0.723 0.4029 196.7588
0.741 0.4078 200.4874
0.76 0.4137 204.5819
0.778 0.4186 208.7599
0.784 0.4245 212.409
0.8 0.4304 216.4342
0.818 0.4363 219.8996
0.838 0.4431 223.7434
0.854 0.449 227.6543
0.872 0.4549 231.9684
0.889 0.4608 236.0231
0.908 0.4667 239.8022
0.927 0.4735 242.9391
0.944 0.4794 245.4073
0.951 0.4863 247.5429
0.967 0.4922 249.697
0.985 0.5 251.1434
1.004 0.5059 252.2338
1.021 0.5108 252.2338
1.041 0.5137 252.2338
1.058 0.5167 250.4192
1.078 0.5186 248.2588
1.085 0.5216 245.762
1.102 0.5245 242.9391
1.122 0.5245 239.4562
1.139 0.5255 235.6826
1.16 0.5255 231.9684
1.178 0.5255 227.9833
1.195 0.5255 224.3905
1.201 0.5255 221.4931
1.218 0.5245 218.6331
1.237 0.5245 216.7469
1.255 0.5245 215.1876
1.273 0.5245 214.567
1.293 0.5245 214.2574
1.312 0.5275 213.9482
1.317 0.5314 213.6395
1.335 0.5363 213.6395
1.355 0.5402 213.6395
1.374 0.5451 213.6395
1.393 0.549 213.6395
1.412 0.552 213.0234
1.418 0.5578 212.409
1.436 0.5657 211.4908
1.456 0.5745 209.9693
1.477 0.5814 208.4587
1.495 0.5863 206.6604
1.501 0.5892 204.5819
1.52 0.5912 201.6488
1.538 0.5922 197.8986
1.558 0.5931 194.4988
1.577 0.5941 190.8816
1.584 0.5951 187.8735
1.602 0.5951 184.646
1.621 0.5971 180.9505
1.639 0.598 177.329
1.659 0.599 173.7799
1.678 0.601 170.302
1.684 0.6029 166.8936
1.703 0.6039 162.8464
1.724 0.6059 159.3569
1.743 0.6078 155.7172
1.763 0.6108 152.6007
1.77 0.6147 149.9791
1.787 0.6206 147.4026
1.807 0.6265 145.0796
1.827 0.6343 142.7933
1.845 0.6422 140.7461
1.851 0.65 139.1295
1.87 0.6588 137.7302
1.891 0.6676 136.9369
1.912 0.6765 135.9518
1.917 0.6814 135.3641
1.937 0.6863 134.9737
1.958 0.6922 134.5844
1.977 0.699 134.1963
1.996 0.7059 133.8093
2.002 0.7137 133.4234
2.021 0.7196 133.2309
2.04 0.7294 133.0386
2.062 0.7412 132.8466
2.069 0.7529 132.6549
2.088 0.7667 132.6549
2.107 0.7814 132.4635
2.128 0.7971 132.2724
2.135 0.8127 132.0815
2.153 0.8284 131.7006
2.174 0.8402 131.7006
2.194 0.849 131.7006
2.201 0.8569 131.7006
2.22 0.8676 131.7006
2.241 0.8882 130.942
2.262 0.8941 130.1879
