SCRUB 
0 0.0167 199.045
0.095 0.0235 197.3279
0.11 0.0324 197.3279
0.132 0.0441 197.8986
0.139 0.0569 198.7578
0.156 0.0716 199.3327
0.173 0.0873 199.6207
0.191 0.102 199.6207
0.212 0.1196 199.6207
0.229 0.1343 199.6207
0.249 0.151 199.3327
0.267 0.1647 199.045
0.274 0.1784 199.045
0.291 0.1902 199.045
0.311 0.201 199.045
0.328 0.2108 199.3327
0.347 0.2196 200.4874
0.366 0.2265 202.5243
0.382 0.2333 205.1736
0.399 0.2382 208.7599
0.416 0.2441 213.0234
0.434 0.248 218.0025
0.439 0.252 223.7434
0.456 0.2559 229.6354
0.474 0.2588 236.0231
0.493 0.2618 242.9391
0.51 0.2647 249.697
0.53 0.2676 257.0136
0.55 0.2706 264.5447
0.556 0.2745 272.69
0.574 0.2784 281.086
0.593 0.2814 289.3225
0.61 0.2843 297.3705
0.63 0.2873 306.0841
0.649 0.2912 313.6912
0.667 0.2941 321.0234
0.673 0.2961 328.0529
0.69 0.298 334.2695
0.709 0.299 339.6216
0.726 0.301 344.5615
0.746 0.3039 349.0689
0.766 0.3059 352.6153
0.783 0.3088 354.658
0.8 0.3108 355.6837
0.806 0.3118 356.1977
0.824 0.3147 356.1977
0.844 0.3186 356.1977
0.863 0.3225 356.1977
0.882 0.3275 355.6837
0.889 0.3343 353.1248
0.908 0.3412 350.5844
0.928 0.348 347.0584
0.947 0.3559 343.5678
0.967 0.3637 339.6216
0.972 0.3706 334.7525
0.99 0.3784 329.9532
1.011 0.3863 324.7535
1.03 0.3931 319.1744
1.05 0.4 313.6912
1.056 0.4069 309.1938
1.075 0.4127 304.3212
1.095 0.4206 299.0932
1.113 0.4255 294.8051
1.139 0.4304 290.1593
1.145 0.4363 285.5866
1.162 0.4412 281.899
1.184 0.4461 277.8575
1.189 0.451 274.2696
1.211 0.4569 271.5112
1.233 0.4618 269.1689
1.241 0.4657 267.2324
1.259 0.4696 265.6933
1.278 0.4735 264.5447
1.305 0.4775 263.4011
1.312 0.4824 263.4011
1.336 0.4863 263.0211
1.347 0.4912 262.6415
1.367 0.4951 262.6415
1.373 0.499 262.6415
1.395 0.5029 262.6415
1.418 0.5069 262.6415
1.425 0.5098 263.4011
1.446 0.5127 263.4011
1.47 0.5157 263.4011
1.477 0.5176 263.4011
1.496 0.5186 263.4011
1.518 0.5206 263.4011
1.524 0.5225 263.4011
1.545 0.5235 263.4011
1.567 0.5245 263.4011
1.573 0.5255 263.0211
1.593 0.5275 262.2625
1.613 0.5294 261.1288
1.636 0.5304 260
1.642 0.5314 258.8761
1.662 0.5324 257.3851
1.682 0.5333 255.5334
1.702 0.5343 253.3289
1.708 0.5363 250.781
1.728 0.5373 247.9006
1.748 0.5382 245.0532
1.769 0.5392 242.2385
1.775 0.5412 238.7656
1.793 0.5431 235.3425
1.813 0.5451 231.2994
1.834 0.5461 226.9978
1.84 0.549 222.7762
1.86 0.552 218.3176
1.879 0.5549 214.2574
1.9 0.5569 210.2727
1.906 0.5598 206.0644
1.926 0.5618 202.232
1.949 0.5647 198.471
1.97 0.5676 194.7799
1.976 0.5706 191.9874
1.993 0.5745 189.2349
2.016 0.5775 187.6024
2.022 0.5794 185.984
2.043 0.5833 184.9128
2.063 0.5863 184.1134
2.085 0.5902 183.3176
2.091 0.5922 183.053
2.113 0.5951 182.5251
2.133 0.598 182.5251
2.153 0.6029 182.5251
2.159 0.6098 182.5251
2.179 0.6186 183.5825
2.2 0.6265 185.18
2.206 0.6333 186.7914
2.227 0.6402 188.145
2.249 0.6461 188.9618
2.271 0.651 188.9618
2.276 0.6549 188.9618
2.296 0.6588 188.9618
2.318 0.6608 187.8735
2.324 0.6627 185.984
2.345 0.6637 184.1134
2.367 0.6647 182.2617
2.373 0.6657 180.1683
2.393 0.6676 178.3562
2.418 0.6706 177.0731
2.424 0.6725 176.0532
2.445 0.6755 175.2922
2.467 0.6794 174.2826
2.472 0.6843 173.0287
2.494 0.6892 172.0322
2.516 0.6931 171.0413
2.522 0.6971 170.5481
2.544 0.701 170.302
2.565 0.7059 170.302
2.573 0.7108 170.302
2.594 0.7176 170.5481
2.614 0.7225 171.536
2.638 0.7284 172.2808
2.643 0.7324 173.0287
2.662 0.7363 173.5292
2.688 0.7402 174.0311
2.693 0.7461 174.5344
2.713 0.75 174.7866
2.737 0.7559 174.7866
2.743 0.7608 174.7866
2.762 0.7647 174.7866
2.788 0.7696 174.2826
2.794 0.7745 173.0287
2.813 0.7784 171.7839
2.838 0.7824 170.5481
2.844 0.7853 169.0768
2.864 0.7882 167.3763
2.888 0.7902 165.9323
2.894 0.7922 164.2635
2.914 0.7941 162.6114
2.939 0.7961 161.4415
2.944 0.799 160.2801
2.965 0.802 158.8973
2.988 0.8069 157.7542
2.993 0.8108 157.0722
3.014 0.8167 156.1676
3.039 0.8225 155.4925
3.044 0.8294 154.5969
3.064 0.8353 153.9286
3.088 0.8422 152.6007
3.093 0.848 151.0659
3.113 0.8539 149.1153
3.138 0.8588 146.9775
3.143 0.8647 144.6612
3.163 0.8716 142.5872
3.188 0.8784 140.7461
3.193 0.8873 139.3306
3.213 0.8971 138.5281
3.238 0.9078 138.3282
3.243 0.9206 138.1286
3.263 0.9333 138.1286
3.288 0.9471 138.1286
3.293 0.9618 138.3282
3.314 0.9784 138.5281
3.338 0.9902 138.9287
3.343 0.9961 138.9287
