SCRUB 
0 0.1441 191.1575
0.058 0.15 193.9379
0.077 0.15 195.0614
0.084 0.1529 197.0432
0.102 0.1578 199.045
0.119 0.1627 201.3578
0.135 0.1667 203.6975
0.152 0.1716 205.767
0.169 0.1784 207.2581
0.186 0.1824 208.7599
0.203 0.1873 209.9693
0.222 0.1912 210.8809
0.239 0.1971 211.4908
0.256 0.202 212.1025
0.272 0.2059 212.409
0.289 0.2098 212.409
0.306 0.2137 213.0234
0.325 0.2176 213.0234
0.342 0.2235 213.3312
0.349 0.2284 213.6395
0.366 0.2353 214.567
0.382 0.2422 215.81
0.399 0.248 217.688
0.415 0.2549 219.8996
0.434 0.2637 221.8132
0.452 0.2716 223.7434
0.469 0.2784 226.0165
0.485 0.2853 228.3128
0.503 0.2941 231.2994
0.521 0.3029 233.987
0.541 0.3098 237.0478
0.549 0.3167 240.1487
0.566 0.3255 243.2902
0.583 0.3324 246.4728
0.601 0.3373 249.697
0.619 0.3431 252.9633
0.635 0.349 256.6428
0.653 0.3549 259.2502
0.67 0.3608 262.6415
0.689 0.3657 266.0772
0.707 0.3706 268.7805
0.725 0.3745 271.5112
0.742 0.3775 273.8739
0.759 0.3804 275.4604
0.775 0.3833 277.8575
0.793 0.3863 279.0638
0.799 0.3892 279.8709
0.816 0.3931 280.6804
0.834 0.3941 280.6804
0.852 0.3961 280.6804
0.872 0.3971 280.6804
0.888 0.399 280.6804
0.907 0.401 279.0638
0.925 0.4049 277.0561
0.942 0.4069 274.2696
0.958 0.4098 271.9035
0.975 0.4118 269.5579
0.992 0.4157 266.4617
1.008 0.4206 263.4011
1.026 0.4245 260.3757
1.042 0.4284 257.757
1.06 0.4324 255.1646
1.077 0.4363 252.9633
1.083 0.4392 250.0578
1.101 0.4431 247.9006
1.119 0.4461 245.762
1.136 0.45 243.2902
1.155 0.4539 240.8433
1.174 0.4569 238.077
1.193 0.4598 236.0231
1.2 0.4627 233.987
1.218 0.4657 232.6393
1.237 0.4676 231.6337
1.255 0.4706 230.9656
1.275 0.4725 230.2996
1.293 0.4755 229.9672
1.298 0.4775 229.9672
1.316 0.4794 229.9672
1.335 0.4824 229.9672
1.352 0.4843 229.9672
1.37 0.4873 229.9672
1.389 0.4902 230.2996
1.408 0.4912 230.6324
1.427 0.4951 231.2994
1.432 0.4961 231.6337
1.45 0.498 232.3036
1.469 0.501 232.9755
1.486 0.5029 233.987
1.51 0.5069 235.0029
1.516 0.5098 236.7058
1.54 0.5137 238.077
1.564 0.5186 239.4562
1.57 0.5235 241.1914
1.586 0.5284 242.5886
1.606 0.5324 243.9939
1.624 0.5363 244.6996
1.643 0.5392 245.0532
1.66 0.5431 245.4073
1.667 0.5461 245.762
1.686 0.55 245.762
1.703 0.5529 245.762
1.725 0.5569 245.0532
1.744 0.5608 243.9939
1.749 0.5627 242.5886
1.767 0.5667 240.8433
1.789 0.5706 239.1106
1.807 0.5745 237.7335
1.827 0.5794 236.0231
1.833 0.5853 234.3251
1.852 0.5912 232.6393
1.872 0.5971 231.2994
1.891 0.602 229.6354
1.911 0.6069 228.3128
1.916 0.6127 226.9978
1.935 0.6176 226.3431
1.956 0.6245 225.3647
1.975 0.6304 224.7148
1.996 0.6363 224.7148
2.003 0.6412 224.7148
2.019 0.648 224.7148
2.041 0.6539 224.7148
2.063 0.6608 225.3647
2.069 0.6667 226.0165
2.088 0.6716 227.3258
2.108 0.6775 228.6427
2.128 0.6853 230.2996
2.133 0.6922 231.9684
2.152 0.698 233.6493
2.173 0.7039 234.6637
2.193 0.7078 236.0231
2.211 0.7137 237.0478
2.217 0.7186 238.077
2.236 0.7245 238.7656
2.254 0.7284 239.4562
2.276 0.7314 239.8022
2.295 0.7343 240.1487
2.3 0.7373 240.4958
2.321 0.7412 240.8433
2.341 0.7431 240.8433
2.361 0.7471 240.8433
2.367 0.751 240.8433
2.387 0.7559 240.8433
2.409 0.7588 240.8433
2.428 0.7618 240.1487
2.434 0.7647 239.4562
2.455 0.7676 238.7656
2.475 0.7716 238.077
2.5 0.7765 237.3904
2.505 0.7794 236.7058
2.524 0.7843 236.0231
2.545 0.7892 235.0029
2.549 0.7951 234.3251
2.569 0.801 233.987
2.587 0.8059 233.6493
2.609 0.8108 232.9755
2.629 0.8176 232.3036
2.636 0.8245 231.9684
2.654 0.8314 231.6337
2.677 0.8382 231.6337
2.682 0.8451 231.6337
2.703 0.8539 231.6337
2.722 0.8627 231.6337
2.747 0.8686 231.6337
