SCRUB 
0 0.1343 221.8132
0.126 0.1373 221.8132
0.139 0.1373 222.7762
0.16 0.1402 225.3647
0.169 0.1441 228.3128
0.184 0.148 232.3036
0.208 0.1539 237.3904
0.223 0.1598 243.2902
0.24 0.1667 249.697
0.257 0.1735 257.3851
0.273 0.1804 266.0772
0.289 0.1873 274.666
0.305 0.1941 283.9417
0.321 0.202 293.5307
0.338 0.2078 303.0057
0.354 0.2127 312.3352
0.37 0.2186 321.9519
0.387 0.2216 330.9076
0.403 0.2255 340.1124
0.42 0.2304 349.5733
0.437 0.2343 359.8166
0.453 0.2392 370.36
0.47 0.2451 380.6623
0.488 0.251 390.6866
0.502 0.2569 399.8184
0.52 0.2627 408.5733
0.536 0.2696 416.3158
0.554 0.2755 422.9816
0.57 0.2824 427.279
0.587 0.2892 430.3752
0.603 0.2951 430.9971
0.62 0.3 430.9971
0.637 0.3059 427.8964
0.653 0.3118 422.3712
0.671 0.3186 415.715
0.686 0.3235 406.2201
0.703 0.3275 396.3692
0.721 0.3324 386.1991
0.736 0.3353 375.747
0.755 0.3392 363.4722
0.77 0.3431 352.6153
0.786 0.3461 340.6039
0.804 0.349 330.4301
0.82 0.3529 321.0234
0.837 0.3569 311.8844
0.853 0.3608 302.5685
0.87 0.3637 295.2312
0.887 0.3676 287.6561
0.904 0.3716 280.6804
0.921 0.3755 273.4787
0.937 0.3794 267.6186
0.954 0.3833 261.5062
0.971 0.3873 256.6428
0.99 0.3902 251.5064
1.008 0.3941 247.5429
1.026 0.398 244.3465
1.043 0.401 241.5399
1.061 0.4069 239.1106
1.076 0.4108 237.7335
1.092 0.4147 236.7058
1.11 0.4206 236.7058
1.127 0.4245 236.7058
1.142 0.4284 236.7058
1.16 0.4333 237.7335
1.168 0.4382 239.8022
1.185 0.4431 242.5886
1.202 0.448 245.4073
1.22 0.452 248.6176
1.238 0.4559 251.5064
1.256 0.4598 254.0616
1.272 0.4637 256.6428
1.29 0.4667 258.1295
1.308 0.4706 259.2502
1.326 0.4725 260
1.343 0.4745 260
1.361 0.4765 260
1.377 0.4784 258.5025
1.393 0.4794 256.6428
1.411 0.4814 253.695
1.427 0.4824 249.697
1.444 0.4843 245.762
1.46 0.4853 241.1914
1.477 0.4873 236.7058
1.495 0.4882 232.3036
1.502 0.4912 227.6543
1.519 0.4931 223.7434
1.537 0.4961 220.2174
1.556 0.5 217.0602
1.572 0.5029 213.9482
1.592 0.5069 212.1025
1.611 0.5098 210.2727
1.618 0.5147 209.3637
1.635 0.5186 208.7599
1.652 0.5235 208.4587
1.67 0.5275 208.4587
1.689 0.5324 208.4587
1.705 0.5373 208.7599
1.723 0.5431 209.9693
1.743 0.549 212.1025
1.761 0.5549 214.2574
1.778 0.5608 216.4342
1.795 0.5647 218.3176
1.811 0.5696 220.2174
1.828 0.5735 221.1735
1.845 0.5765 221.4931
1.863 0.5794 221.8132
1.868 0.5824 221.8132
1.885 0.5843 221.4931
1.902 0.5882 220.2174
1.921 0.5912 218.0025
1.938 0.5951 215.4986
1.958 0.6 212.716
1.975 0.6039 209.6663
1.994 0.6088 206.0644
2.011 0.6127 203.11
2.028 0.6186 199.9092
2.045 0.6255 197.0432
2.062 0.6333 194.4988
2.068 0.6412 192.5427
2.084 0.65 190.6062
2.103 0.6608 188.6892
2.123 0.6706 187.6024
2.142 0.6833 186.5219
2.162 0.6951 185.7156
2.184 0.7059 184.9128
2.189 0.7167 184.1134
2.205 0.7265 182.5251
2.225 0.7363 180.6894
2.243 0.7431 178.0989
2.261 0.75 175.7992
2.279 0.7559 173.7799
2.285 0.7618 171.0413
2.303 0.7676 168.3459
2.323 0.7745 166.1721
2.34 0.7814 163.5534
2.359 0.7892 160.9759
2.379 0.7961 159.3569
2.385 0.8039 157.7542
2.403 0.8127 156.6193
2.424 0.8206 155.4925
2.442 0.8294 154.5969
2.463 0.8382 153.9286
2.47 0.85 153.2632
2.487 0.8618 152.1606
