SCRUB 
0 0.0039 146.1309
0.009 0.0078 146.1309
0.024 0.0127 145.9201
0.041 0.0176 145.7095
0.058 0.0235 145.2893
0.077 0.0294 145.2893
0.091 0.0363 145.0796
0.11 0.0431 145.0796
0.127 0.05 144.8703
0.145 0.0569 144.8703
0.164 0.0637 144.6612
0.181 0.0716 144.6612
0.188 0.0784 144.6612
0.204 0.0863 144.6612
0.221 0.0941 144.6612
0.241 0.102 144.6612
0.258 0.1108 144.6612
0.28 0.1196 144.6612
0.297 0.1284 144.6612
0.315 0.1373 144.6612
0.332 0.1471 144.6612
0.347 0.1578 144.6612
0.364 0.1686 144.6612
0.372 0.1814 145.4992
0.391 0.1931 146.5536
0.408 0.2059 147.8289
0.425 0.2206 149.5466
0.442 0.2353 151.5029
0.461 0.252 154.5969
0.48 0.2696 158.2105
0.489 0.2873 162.8464
0.507 0.3059 168.1029
0.526 0.3255 174.2826
0.543 0.3471 181.7361
0.563 0.3676 189.7822
0.581 0.3873 197.8986
0.599 0.4069 206.959
0.605 0.4235 215.4986
0.622 0.4402 224.3905
0.64 0.4549 232.3036
0.66 0.4676 240.4958
0.678 0.4794 247.5429
0.697 0.4882 254.0616
0.715 0.4971 260.752
0.731 0.5049 266.0772
0.747 0.5118 271.5112
0.765 0.5167 276.2571
0.772 0.5216 280.2754
0.791 0.5255 283.9417
0.81 0.5275 286.4126
0.828 0.5314 289.3225
0.847 0.5324 291.419
0.855 0.5343 293.5307
0.871 0.5373 295.6578
0.891 0.5382 297.3705
0.91 0.5402 298.2306
0.929 0.5412 299.0932
0.948 0.5431 299.5254
0.967 0.5431 299.9582
0.972 0.5451 299.9582
0.991 0.5461 299.9582
1.012 0.548 299.9582
1.03 0.55 299.5254
1.049 0.552 298.6616
1.066 0.5539 297.3705
1.071 0.5549 296.085
1.089 0.5569 294.3797
1.109 0.5588 292.2619
1.127 0.5588 289.7406
1.148 0.5598 287.241
1.155 0.5598 285.5866
1.174 0.5608 283.532
1.194 0.5608 281.899
1.213 0.5608 280.6804
1.233 0.5608 279.0638
1.238 0.5608 277.8575
1.256 0.5618 275.4604
1.276 0.5618 273.8739
1.295 0.5618 271.5112
1.316 0.5618 269.1689
1.323 0.5618 266.8468
1.341 0.5618 264.163
1.362 0.5618 261.1288
1.38 0.5618 258.5025
1.401 0.5618 255.1646
1.409 0.5618 252.5983
1.425 0.5618 249.3366
1.446 0.5618 245.762
1.466 0.5618 242.5886
1.472 0.5618 239.1106
1.491 0.5618 235.6826
1.514 0.5608 232.3036
1.534 0.5598 228.3128
1.539 0.5588 224.7148
1.558 0.5588 220.8543
1.579 0.5588 216.4342
1.598 0.5578 212.1025
1.606 0.5569 206.6604
1.625 0.5569 201.9402
1.645 0.5569 196.7588
1.666 0.5569 192.2648
1.684 0.5569 187.0614
1.69 0.5578 182.7889
1.708 0.5608 178.614
1.728 0.5637 175.2922
1.749 0.5696 172.779
1.767 0.5755 170.7945
1.772 0.5824 169.0768
1.791 0.5902 168.1029
1.812 0.598 167.6181
1.832 0.6069 167.3763
1.851 0.6157 167.1347
1.857 0.6255 167.1347
1.876 0.6343 167.1347
1.896 0.6431 167.1347
1.916 0.6529 166.8936
1.921 0.6627 166.6527
1.941 0.6706 166.1721
1.963 0.6794 165.215
1.983 0.6882 164.0264
1.988 0.6971 162.3767
2.009 0.7059 160.2801
2.028 0.7127 158.668
2.051 0.7196 156.6193
2.057 0.7284 154.5969
2.081 0.7363 152.6007
2.104 0.7451 150.8479
2.109 0.7539 149.3308
2.127 0.7647 148.0425
2.149 0.7765 146.9775
2.155 0.7882 145.9201
2.176 0.801 144.8703
2.198 0.8137 144.0359
2.218 0.8265 143.2063
2.225 0.8402 142.3815
2.243 0.8529 141.766
2.262 0.8657 140.9495
2.284 0.8784 140.3402
2.29 0.8902 139.7335
2.309 0.9029 139.3306
2.33 0.9147 138.7283
2.35 0.9245 138.3282
2.356 0.9343 137.9292
2.376 0.9422 137.5315
2.395 0.9471 137.1348
2.42 0.952 136.9369
2.425 0.9549 136.7393
2.444 0.9569 136.542
