SCRUB 
0 0.0588 176.3076
0.191 0.0657 176.0532
0.207 0.0686 176.0532
0.225 0.0706 176.0532
0.242 0.0725 176.0532
0.257 0.0755 176.0532
0.274 0.0784 176.0532
0.291 0.0814 176.0532
0.309 0.0853 176.0532
0.327 0.0892 176.5624
0.343 0.0931 176.8176
0.361 0.098 177.0731
0.377 0.102 177.329
0.393 0.1078 177.5852
0.41 0.1137 177.8419
0.427 0.1186 178.3562
0.442 0.1245 178.614
0.458 0.1304 179.1306
0.476 0.1363 179.6487
0.491 0.1431 180.1683
0.509 0.15 180.6894
0.526 0.1569 180.9505
0.541 0.1627 181.4738
0.558 0.1696 181.9987
0.575 0.1765 182.5251
0.593 0.1833 182.7889
0.611 0.1902 183.3176
0.628 0.1961 183.3176
0.645 0.2029 183.8478
0.663 0.2098 184.3795
0.68 0.2176 184.9128
0.696 0.2245 185.18
0.715 0.2324 185.984
0.731 0.2402 186.7914
0.749 0.248 187.6024
0.765 0.2559 188.145
0.78 0.2627 188.9618
0.797 0.2696 189.7822
0.814 0.2784 190.8816
0.831 0.2863 191.7104
0.848 0.2941 192.5427
0.867 0.301 193.3786
0.874 0.3078 193.9379
0.89 0.3147 194.7799
0.907 0.3225 195.6256
0.923 0.3304 196.4749
0.94 0.3373 197.3279
0.957 0.3451 198.1846
0.973 0.3529 199.045
0.992 0.3608 200.1981
1.009 0.3696 201.3578
1.025 0.3784 202.5243
1.042 0.3873 203.6975
1.06 0.3961 205.1736
1.076 0.4049 206.0644
1.093 0.4137 207.5576
1.11 0.4225 208.7599
1.127 0.4324 210.2727
1.143 0.4422 212.1025
1.16 0.451 213.9482
1.177 0.4608 216.1219
1.194 0.4706 218.3176
1.21 0.4804 220.2174
1.227 0.4892 222.7762
1.243 0.498 225.3647
1.262 0.5069 227.6543
1.281 0.5157 229.9672
1.299 0.5225 231.9684
1.308 0.5294 233.987
1.323 0.5363 235.6826
1.342 0.5431 236.7058
1.361 0.548 238.077
1.377 0.5529 239.1106
1.395 0.5578 239.8022
1.415 0.5618 240.1487
1.433 0.5676 240.8433
1.45 0.5706 240.8433
1.466 0.5745 240.8433
1.473 0.5775 240.8433
1.492 0.5814 240.1487
1.511 0.5833 239.1106
1.529 0.5853 238.4211
1.552 0.5882 237.0478
1.557 0.5912 236.0231
1.574 0.5931 235.0029
1.594 0.5951 233.987
1.609 0.598 232.6393
1.628 0.6 231.2994
1.647 0.6039 229.9672
1.665 0.6059 228.3128
1.682 0.6088 226.9978
1.699 0.6118 225.3647
1.716 0.6147 223.4205
1.733 0.6176 221.4931
1.751 0.6206 219.5823
1.757 0.6245 217.3738
1.773 0.6284 214.8771
1.794 0.6333 212.716
1.811 0.6382 210.5766
1.83 0.6431 208.1579
1.85 0.648 206.0644
1.867 0.6539 203.6975
1.873 0.6588 201.3578
1.891 0.6647 199.3327
1.91 0.6706 197.0432
1.927 0.6765 194.4988
1.947 0.6824 191.7104
1.966 0.6873 188.9618
1.985 0.6922 186.7914
1.991 0.6971 184.1134
2.007 0.702 181.9987
2.027 0.7069 180.1683
2.044 0.7118 178.3562
2.064 0.7167 176.5624
2.083 0.7216 175.2922
2.1 0.7265 174.0311
2.119 0.7324 173.0287
2.125 0.7382 171.7839
2.142 0.7451 170.7945
2.163 0.752 169.8108
2.181 0.7588 168.5891
2.201 0.7667 167.6181
2.207 0.7745 166.4122
2.226 0.7814 165.6929
2.247 0.7892 164.7386
2.265 0.7971 163.5534
2.285 0.8049 162.6114
2.291 0.8127 161.6748
2.307 0.8196 160.9759
2.327 0.8284 160.2801
2.345 0.8373 159.5872
2.366 0.8441 158.8973
2.384 0.852 158.4391
2.39 0.8608 158.2105
2.408 0.8696 157.7542
2.428 0.8784 157.5265
2.446 0.8873 157.2992
2.466 0.8961 157.0722
2.49 0.9059 156.6193
2.495 0.9137 156.3933
2.512 0.9216 155.9422
2.533 0.9294 155.4925
2.551 0.9353 155.0441
2.556 0.9431 154.5969
2.575 0.951 154.3738
2.597 0.9578 154.1511
2.616 0.9657 153.9286
2.634 0.9735 153.9286
2.64 0.9794 153.4847
2.659 0.9833 153.2632
2.681 0.9873 153.0421
2.7 0.9882 152.8212
2.706 0.9892 152.8212
