SCRUB 
0 0.149 174.2826
0.09 0.1559 173.5292
0.106 0.1578 173.2788
0.12 0.1627 172.779
0.132 0.1686 172.0322
0.151 0.1745 171.536
0.167 0.1833 171.536
0.185 0.1922 171.2885
0.201 0.201 171.0413
0.219 0.2118 171.0413
0.237 0.2235 171.0413
0.256 0.2343 171.0413
0.275 0.2451 171.536
0.282 0.2549 172.0322
0.299 0.2647 173.0287
0.317 0.2735 174.5344
0.335 0.2843 175.7992
0.352 0.2922 177.5852
0.37 0.301 179.6487
0.388 0.3108 182.2617
0.407 0.3196 184.9128
0.425 0.3275 187.8735
0.443 0.3363 190.8816
0.449 0.3461 194.4988
0.467 0.3559 198.7578
0.485 0.3647 202.232
0.502 0.3755 205.767
0.521 0.3853 209.0616
0.54 0.3931 211.7964
0.56 0.402 214.2574
0.577 0.4098 216.4342
0.583 0.4186 218.0025
0.601 0.4245 219.2654
0.621 0.4304 220.2174
0.639 0.4373 220.5356
0.659 0.4431 220.8543
0.666 0.449 220.8543
0.684 0.4529 219.8996
0.705 0.4588 218.0025
0.722 0.4637 215.81
0.742 0.4706 213.3312
0.749 0.4755 209.9693
0.767 0.4814 206.959
0.787 0.4853 203.9919
0.804 0.4882 200.4874
0.825 0.4912 197.6131
0.843 0.4951 194.7799
0.861 0.498 191.9874
0.866 0.5 189.7822
0.884 0.5029 187.6024
0.903 0.5049 186.2527
0.922 0.5078 184.9128
0.94 0.5118 183.3176
0.962 0.5157 181.7361
0.969 0.5196 180.1683
0.988 0.5245 178.8721
1.006 0.5294 177.5852
1.032 0.5353 176.3076
1.038 0.5412 175.2922
1.055 0.549 174.0311
1.076 0.5549 173.0287
1.095 0.5627 172.0322
1.1 0.5706 171.2885
1.118 0.5794 170.302
1.138 0.5873 169.5658
1.158 0.5971 168.8328
1.177 0.6078 168.3459
1.183 0.6186 168.1029
1.202 0.6294 167.8604
1.223 0.6412 167.8604
1.242 0.6539 167.6181
1.261 0.6657 167.3763
1.268 0.6775 166.8936
1.286 0.6902 166.6527
1.304 0.701 166.1721
1.326 0.7127 165.6929
1.346 0.7225 164.9766
1.352 0.7324 164.2635
1.37 0.7422 163.7897
1.393 0.751 163.3174
1.412 0.7598 163.0817
1.419 0.7676 162.6114
1.437 0.7765 162.1424
1.456 0.7843 161.9085
1.479 0.7912 161.6748
1.486 0.7971 161.6748
1.505 0.8029 161.2086
1.524 0.8088 160.9759
1.544 0.8157 160.5117
1.551 0.8216 160.2801
1.57 0.8275 160.2801
1.591 0.8314 160.2801
1.613 0.8363 160.2801
1.62 0.8402 160.2801
1.637 0.8441 160.2801
1.66 0.8471 160.2801
