SCRUB 
0 0.1647 163.5534
0.086 0.1667 162.1424
0.098 0.1686 161.9085
0.114 0.1765 161.2086
0.131 0.1873 160.7436
0.152 0.199 160.7436
0.161 0.2147 160.5117
0.177 0.2333 160.5117
0.197 0.2529 160.5117
0.214 0.2765 160.7436
0.231 0.2961 161.2086
0.248 0.3176 162.3767
0.266 0.3392 164.2635
0.284 0.3578 166.1721
0.301 0.3775 168.1029
0.319 0.3922 170.0562
0.336 0.4069 172.779
0.352 0.4186 175.2922
0.369 0.4294 178.0989
0.387 0.4373 180.9505
0.403 0.4441 183.3176
0.419 0.451 185.7156
0.437 0.4569 188.145
0.452 0.4608 190.0565
0.471 0.4637 190.8816
0.486 0.4667 191.9874
0.502 0.4706 192.5427
0.518 0.4735 193.3786
0.538 0.4755 193.9379
0.545 0.4775 194.2182
0.562 0.4794 194.2182
0.613 0.4804 194.2182
0.629 0.4804 193.9379
0.647 0.4824 193.3786
0.664 0.4843 191.9874
0.682 0.4873 190.0565
0.701 0.4912 188.4169
0.72 0.4941 186.7914
0.728 0.4971 184.9128
0.745 0.5 183.3176
0.764 0.5049 181.4738
0.785 0.5088 180.1683
0.805 0.5137 178.614
0.811 0.5186 177.329
0.828 0.5245 176.0532
0.848 0.5314 174.7866
0.866 0.5373 173.2788
0.885 0.5441 171.7839
0.904 0.551 170.302
0.922 0.5588 169.0768
0.928 0.5676 167.6181
0.944 0.5765 166.1721
0.963 0.5843 164.2635
0.98 0.5922 162.8464
0.999 0.601 161.4415
1.016 0.6098 160.2801
1.038 0.6196 158.4391
1.044 0.6304 156.6193
1.064 0.6412 154.5969
1.082 0.652 153.2632
1.102 0.6627 151.941
1.121 0.6735 150.6303
1.138 0.6843 149.5466
1.155 0.6951 148.4707
1.162 0.7049 147.8289
1.179 0.7137 146.9775
1.2 0.7225 146.1309
1.217 0.7314 145.7095
1.236 0.7402 145.0796
1.254 0.75 144.4525
1.27 0.7588 144.0359
1.287 0.7676 143.6205
1.304 0.7784 143.2063
1.322 0.7902 143.2063
1.327 0.8039 143.2063
1.344 0.8167 143.2063
1.365 0.8284 143.2063
1.382 0.8382 143.4132
1.403 0.8471 143.6205
1.422 0.8549 143.828
1.427 0.8618 144.0359
1.446 0.8667 144.0359
1.466 0.8716 144.244
1.484 0.8765 144.244
1.505 0.8833 144.4525
