SCRUB 
0 0.0902 172.2808
0.084 0.0961 173.7799
0.097 0.099 174.2826
0.116 0.1039 175.2922
0.128 0.1108 177.0731
0.144 0.1176 178.8721
0.159 0.1245 181.4738
0.176 0.1324 184.1134
0.194 0.1412 187.6024
0.211 0.151 191.7104
0.228 0.1598 195.9083
0.245 0.1686 201.0673
0.261 0.1784 206.6604
0.279 0.1873 213.0234
0.295 0.1971 220.2174
0.312 0.2059 227.6543
0.33 0.2147 234.6637
0.346 0.2225 242.5886
0.363 0.2304 250.781
0.382 0.2392 260
0.4 0.2461 268.3926
0.418 0.2549 278.259
0.437 0.2627 287.6561
0.443 0.2716 296.5129
0.46 0.2824 306.5265
0.478 0.2922 315.5084
0.497 0.3029 324.2848
0.513 0.3127 331.8646
0.531 0.3235 339.6216
0.55 0.3333 345.0595
0.568 0.3431 350.0785
0.586 0.3549 355.1705
0.593 0.3647 358.2612
0.61 0.3755 360.8573
0.628 0.3882 361.901
0.646 0.402 361.901
0.666 0.4157 361.901
0.685 0.4314 359.2973
0.704 0.4461 353.6351
0.711 0.4598 348.0622
0.728 0.4735 340.6039
0.748 0.4863 332.8245
0.765 0.5 323.8169
0.784 0.5118 315.5084
0.804 0.5245 305.2014
0.809 0.5363 295.6578
0.828 0.5461 285.5866
0.847 0.5549 274.2696
0.864 0.5637 263.7818
0.883 0.5745 254.4287
0.902 0.5843 245.4073
0.92 0.5961 236.7058
0.926 0.6088 227.6543
0.943 0.6225 220.2174
0.961 0.6363 213.3312
0.98 0.65 206.6604
0.998 0.6667 200.4874
1.017 0.6833 194.4988
1.037 0.699 188.9618
1.043 0.7157 183.8478
1.061 0.7324 178.8721
1.08 0.749 174.2826
1.097 0.7676 169.5658
1.117 0.7833 164.9766
1.136 0.799 160.7436
1.143 0.8147 156.6193
1.161 0.8314 152.6007
1.181 0.8461 149.1153
1.199 0.8608 146.1309
1.219 0.8745 143.2063
1.226 0.8853 141.3572
1.244 0.8961 139.3306
1.265 0.9059 137.1348
