SCRUB 
0 0.1588 228.6427
0.16 0.1657 228.6427
0.174 0.1667 228.6427
0.192 0.1716 228.6427
0.203 0.1755 229.304
0.221 0.1814 229.6354
0.238 0.1863 230.2996
0.255 0.1912 230.9656
0.272 0.1961 231.6337
0.291 0.199 232.3036
0.305 0.2039 232.9755
0.322 0.2078 233.6493
0.337 0.2118 234.3251
0.353 0.2157 235.0029
0.369 0.2186 236.0231
0.387 0.2216 237.0478
0.403 0.2255 238.077
0.421 0.2275 239.1106
0.437 0.2304 240.1487
0.455 0.2343 241.5399
0.471 0.2392 243.2902
0.489 0.2431 244.6996
0.506 0.248 246.4728
0.525 0.2529 248.2588
0.544 0.2569 250.0578
0.561 0.2618 252.2338
0.577 0.2667 253.695
0.593 0.2706 255.1646
0.611 0.2755 257.0136
0.627 0.2804 258.8761
0.644 0.2853 260.3757
0.652 0.2892 261.8841
0.669 0.2922 263.4011
0.689 0.2961 264.5447
0.705 0.3 266.0772
0.725 0.3039 267.2324
0.744 0.3078 268.3926
0.762 0.3118 269.5579
0.779 0.3147 270.7282
0.786 0.3186 271.5112
0.802 0.3216 272.69
0.821 0.3235 273.084
0.839 0.3275 274.2696
0.857 0.3304 275.0629
0.876 0.3343 275.4604
0.885 0.3382 276.2571
0.913 0.3422 277.0561
0.919 0.3471 277.8575
0.936 0.352 278.259
0.954 0.3569 278.6611
0.972 0.3618 279.0638
0.989 0.3667 279.4671
1.009 0.3716 279.8709
1.03 0.3775 279.8709
1.035 0.3824 280.2754
1.053 0.3892 280.2754
1.073 0.3961 280.2754
1.09 0.402 280.2754
1.111 0.4088 280.2754
1.128 0.4147 280.2754
1.145 0.4206 280.2754
1.162 0.4265 279.4671
1.18 0.4324 279.0638
1.186 0.4373 278.259
1.203 0.4441 277.8575
1.223 0.45 277.0561
1.242 0.4549 276.2571
1.263 0.4598 275.4604
1.27 0.4667 274.2696
1.287 0.4725 273.4787
1.306 0.4775 272.69
1.326 0.4833 271.5112
1.346 0.4882 270.7282
1.352 0.4951 269.1689
1.37 0.5 268.3926
1.389 0.5069 267.2324
1.409 0.5127 266.4617
1.42 0.5186 265.3099
1.434 0.5245 264.5447
1.455 0.5314 263.7818
1.473 0.5392 263.0211
1.494 0.5461 262.2625
1.513 0.5529 261.1288
1.519 0.5608 260.752
1.537 0.5676 260.3757
1.556 0.5755 260
1.576 0.5824 260
1.596 0.5912 259.2502
1.613 0.599 259.2502
1.618 0.6069 259.2502
1.636 0.6157 259.2502
1.657 0.6255 259.2502
1.676 0.6333 259.2502
1.697 0.6431 260
1.703 0.6529 261.1288
1.721 0.6627 263.4011
1.743 0.6725 264.927
1.762 0.6833 267.2324
1.769 0.6922 268.7805
1.788 0.702 271.1194
1.809 0.7108 273.4787
1.828 0.7196 276.6563
1.847 0.7294 279.0638
1.853 0.7373 281.899
1.871 0.7431 283.9417
1.889 0.749 285.5866
1.911 0.7539 286.4126
1.93 0.7578 286.8265
1.936 0.7608 288.0718
1.954 0.7627 288.4881
1.974 0.7647 288.905
1.996 0.7657 288.905
2.018 0.7657 289.3225
2.062 0.7657 289.7406
2.068 0.7676 290.1593
