SCRUB 
0 0.1765 188.4169
0.085 0.1833 189.7822
0.098 0.1843 190.3311
0.116 0.1882 191.7104
0.132 0.1931 193.0996
0.144 0.198 193.9379
0.159 0.2039 195.0614
0.177 0.2098 195.6256
0.193 0.2157 195.9083
0.21 0.2216 196.4749
0.226 0.2265 196.4749
0.244 0.2324 197.0432
0.261 0.2392 197.0432
0.278 0.2471 197.3279
0.294 0.2549 197.8986
0.312 0.2618 198.471
0.328 0.2696 199.3327
0.346 0.2794 200.1981
0.364 0.2892 201.3578
0.383 0.3 202.5243
0.4 0.3118 203.9919
0.418 0.3225 205.4701
0.435 0.3343 207.2581
0.451 0.3461 209.3637
0.466 0.3578 211.4908
0.484 0.3696 213.9482
0.501 0.3804 216.4342
0.517 0.3922 219.5823
0.535 0.4029 223.0981
0.551 0.4137 226.3431
0.559 0.4225 229.9672
0.577 0.4304 233.6493
0.596 0.4382 237.0478
0.612 0.4461 240.8433
0.631 0.452 245.0532
0.65 0.4578 248.6176
0.669 0.4637 252.2338
0.676 0.4667 255.5334
0.693 0.4686 258.1295
0.713 0.4706 260
0.729 0.4716 260.752
0.748 0.4725 261.1288
0.767 0.4725 261.5062
0.816 0.4735 261.5062
0.852 0.4745 261.5062
0.869 0.4755 261.1288
0.886 0.4765 260.752
0.892 0.4784 260
0.909 0.4804 259.2502
0.927 0.4824 258.1295
0.947 0.4853 256.6428
0.965 0.4882 255.1646
0.984 0.4922 253.3289
1.002 0.4971 251.5064
1.02 0.5029 250.0578
1.026 0.5098 248.6176
1.043 0.5157 246.829
1.062 0.5216 245.0532
1.079 0.5275 242.5886
1.097 0.5343 240.1487
1.116 0.5422 237.7335
1.136 0.55 235.6826
1.153 0.5588 232.9755
1.159 0.5686 229.9672
1.175 0.5794 226.9978
1.195 0.5902 224.3905
1.214 0.6 221.4931
1.233 0.6098 218.6331
1.252 0.6186 216.4342
1.274 0.6284 214.8771
1.279 0.6392 213.0234
1.295 0.649 211.4908
1.316 0.6588 210.2727
1.335 0.6686 208.7599
1.353 0.6765 207.8575
1.372 0.6843 206.6604
1.378 0.6922 205.767
1.396 0.701 205.1736
1.415 0.7088 204.2867
1.436 0.7176 203.6975
1.454 0.7245 202.232
1.459 0.7304 201.0673
1.477 0.7363 199.6207
1.497 0.7412 198.471
