SCRUB 
0.067 0.03 182
0.076 0.03 181.74
0.097 0.03 181.21
0.12 0.04 180.69
0.126 0.04 180.43
0.146 0.05 180.17
0.169 0.05 180.17
0.177 0.06 179.65
0.196 0.07 179.39
0.219 0.07 179.13
0.227 0.08 179.13
0.249 0.09 179.13
0.271 0.1 179.13
0.278 0.11 179.13
0.298 0.12 179.13
0.32 0.13 179.13
0.326 0.14 179.13
0.348 0.15 179.13
0.37 0.15 179.39
0.375 0.16 179.65
0.397 0.17 180.17
0.419 0.18 180.17
0.44 0.19 180.43
0.445 0.2 180.69
0.464 0.2 180.95
0.489 0.21 181.47
0.495 0.22 182
0.515 0.22 182.79
0.538 0.23 183.32
0.544 0.24 183.85
0.565 0.24 184.38
0.587 0.25 184.91
0.593 0.25 185.18
0.615 0.26 185.72
0.637 0.27 186.25
0.644 0.27 186.79
0.666 0.28 187.33
0.69 0.28 188.15
0.695 0.29 188.69
0.717 0.3 189.51
0.741 0.31 190.06
0.746 0.31 190.88
0.768 0.32 191.43
0.79 0.33 191.99
0.795 0.34 192.54
0.815 0.35 192.82
0.84 0.35 193.38
0.845 0.36 193.66
0.865 0.37 193.94
0.89 0.38 193.94
0.895 0.39 193.94
0.918 0.4 193.94
0.942 0.41 193.94
0.948 0.42 193.94
0.969 0.43 193.94
0.975 0.44 193.94
0.997 0.45 193.94
1.019 0.46 193.94
1.026 0.47 193.94
1.048 0.48 193.94
1.07 0.49 193.94
1.076 0.5 194.5
1.098 0.51 195.06
1.124 0.52 195.63
1.15 0.54 197.04
1.174 0.55 197.9
1.179 0.56 199.05
1.2 0.56 200.2
1.223 0.57 201.36
1.229 0.58 202.52
1.249 0.59 203.7
1.275 0.59 204.29
1.283 0.6 205.17
1.307 0.61 206.06
1.313 0.61 206.66
1.334 0.62 207.26
1.358 0.63 207.86
1.364 0.63 208.16
1.386 0.64 208.46
1.392 0.65 208.46
1.415 0.65 208.46
1.439 0.66 208.46
1.447 0.67 208.46
1.468 0.68 208.46
1.492 0.68 208.16
1.497 0.69 208.16
1.52 0.7 208.16
1.527 0.71 208.16
1.551 0.71 208.16
1.575 0.72 208.16
1.58 0.73 208.46
1.602 0.74 209.06
1.608 0.75 209.97
1.632 0.76 211.19
1.657 0.76 212.41
1.685 0.78 214.88
1.709 0.79 216.43
1.736 0.8 220.22
1.741 0.81 222.45
1.765 0.82 224.71
1.79 0.83 227
1.796 0.83 229.97
1.817 0.84 232.98
1.842 0.84 236.02
1.87 0.85 242.59
1.9 0.86 249.7
1.926 0.87 254.43
1.931 0.88 258.88
1.954 0.88 263.4
1.962 0.89 268.39
1.984 0.89 273.08
1.991 0.9 278.26
2.02 0.9 283.53
2.05 0.91 294.38
2.075 0.91 299.53
2.103 0.91 310.98
2.134 0.91 323.35
2.158 0.91 329.48
2.186 0.92 343.07
2.218 0.92 358.26
2.242 0.92 365.58
2.248 0.92 375.2
2.271 0.93 382.87
2.278 0.93 392.38
2.302 0.93 400.4
2.334 0.93 418.73
2.359 0.94 427.9
2.391 0.94 445.55
2.419 0.94 463.27
2.425 0.94 472.73
2.452 0.94 480.99
2.476 0.95 490.11
2.482 0.95 500.84
2.509 0.95 514.03
4.372 0.95 328.05
4.497 0.95 328.53
