SCRUB 
0.063 0.06 192.82
0.081 0.07 192.54
0.093 0.07 191.99
0.112 0.08 191.99
0.131 0.09 191.99
0.149 0.1 191.99
0.167 0.11 191.99
0.182 0.12 191.99
0.2 0.13 192.54
0.217 0.15 192.54
0.234 0.16 193.1
0.25 0.18 193.94
0.267 0.2 195.06
0.283 0.21 195.91
0.301 0.23 197.04
0.318 0.25 198.76
0.324 0.27 200.78
0.342 0.29 202.82
0.36 0.31 205.17
0.376 0.33 207.86
0.394 0.35 211.8
0.411 0.36 215.19
0.432 0.38 219.9
0.45 0.4 224.39
0.458 0.42 228.97
0.475 0.43 233.99
0.495 0.45 238.08
0.511 0.46 241.54
0.531 0.47 244.35
0.551 0.48 246.47
0.568 0.49 247.19
0.574 0.5 247.54
0.591 0.51 247.54
0.61 0.52 246.47
0.629 0.53 243.64
0.648 0.54 240.15
0.668 0.55 236.71
0.674 0.56 231.97
0.692 0.57 227.65
0.712 0.58 223.74
0.73 0.6 219.27
0.75 0.61 215.19
0.768 0.62 211.49
0.774 0.64 207.26
0.794 0.65 203.99
0.812 0.67 199.91
0.833 0.68 195.91
0.852 0.7 191.71
0.859 0.72 187.6
0.877 0.74 183.85
0.897 0.76 180.17
0.917 0.78 177.33
0.936 0.8 174.53
0.942 0.81 172.03
0.96 0.83 170.3
0.98 0.85 168.59
0.997 0.86 167.38
1.018 0.88 166.41
1.025 0.89 165.69
1.045 0.9 165.45
1.063 0.91 165.22
1.084 0.91 165.22
1.102 0.92 164.98
1.108 0.92 164.74
1.125 0.92 164.74
1.145 0.93 164.74
1.164 0.93 164.74
1.184 0.93 164.74
1.202 0.93 164.5
1.208 0.93 164.5
1.227 0.93 164.26
1.27 0.93 164.26
1.303 0.93 164.03
