SCRUB 
0.075 0.06 175.04
0.09 0.06 175.29
0.106 0.06 176.05
0.117 0.06 177.07
0.134 0.07 178.36
0.154 0.07 179.13
0.171 0.07 180.17
0.188 0.08 180.95
0.204 0.08 182.53
0.221 0.09 183.58
0.237 0.09 184.65
0.253 0.1 185.18
0.27 0.1 185.98
0.286 0.1 186.79
0.304 0.11 187.6
0.32 0.12 188.15
0.338 0.12 188.69
0.354 0.13 189.51
0.372 0.14 190.06
0.389 0.15 190.88
0.407 0.15 191.43
0.424 0.16 192.26
0.441 0.17 192.82
0.458 0.18 193.38
0.475 0.19 193.94
0.492 0.2 194.5
0.509 0.2 194.78
0.527 0.21 195.06
0.543 0.23 195.34
0.558 0.24 195.34
0.576 0.25 195.63
0.593 0.26 195.91
0.609 0.27 195.91
0.625 0.28 196.19
0.642 0.29 196.47
0.66 0.3 196.76
0.676 0.31 197.04
0.693 0.32 197.04
0.709 0.33 197.33
0.728 0.34 197.9
0.743 0.35 197.9
0.76 0.37 198.47
0.768 0.38 199.05
0.784 0.39 199.62
0.803 0.4 200.49
0.82 0.41 201.36
0.838 0.43 202.52
0.854 0.44 203.99
0.874 0.45 205.47
0.892 0.47 207.26
0.912 0.48 209.06
0.918 0.49 210.88
0.935 0.51 213.02
0.954 0.52 215.19
0.973 0.53 217.69
0.989 0.55 220.54
1.011 0.56 222.78
1.017 0.58 225.36
1.035 0.59 228.31
1.053 0.6 230.63
1.07 0.61 233.65
1.089 0.62 236.02
1.105 0.64 238.77
1.124 0.65 241.54
1.142 0.66 243.99
1.165 0.67 246.83
1.172 0.68 249.7
1.186 0.69 252.6
1.205 0.7 255.9
1.221 0.72 258.88
1.241 0.73 261.88
1.26 0.74 265.31
1.27 0.75 268.39
1.287 0.76 271.9
1.305 0.77 275.46
1.325 0.79 279.47
1.344 0.8 283.12
1.362 0.81 286.83
1.368 0.82 291
1.385 0.83 295.23
1.404 0.84 299.09
1.421 0.85 302.57
1.441 0.86 306.53
1.459 0.87 309.64
1.478 0.87 312.34
1.496 0.88 315.05
1.502 0.88 316.88
1.519 0.89 319.17
1.54 0.89 320.56
1.561 0.89 321.95
1.579 0.9 322.42
