SCRUB 
0.025 0.06 210.88
0.04 0.06 210.88
0.05 0.07 210.88
0.067 0.09 210.88
0.085 0.11 210.88
0.102 0.13 210.88
0.119 0.15 210.88
0.137 0.18 210.27
0.153 0.2 209.67
0.169 0.23 208.46
0.187 0.26 206.66
0.203 0.28 203.99
0.22 0.31 201.07
0.236 0.34 197.9
0.253 0.37 194.78
0.27 0.4 191.43
0.286 0.43 187.06
0.303 0.46 183.05
0.322 0.49 178.1
0.339 0.51 173.78
0.357 0.54 169.57
0.374 0.57 165.69
0.392 0.59 162.14
0.41 0.62 158.67
0.425 0.65 154.6
0.441 0.68 150.63
0.458 0.7 146.55
0.477 0.73 143.21
0.484 0.76 140.54
0.501 0.79 138.33
0.518 0.82 136.54
0.536 0.84 135.17
0.553 0.87 133.62
0.571 0.9 132.65
0.604 0.92 132.27
0.628 0.93 132.27
0.662 0.99 132.27
1.978 0.01 208.76
2.072 0.02 208.16
2.091 0.03 208.16
2.103 0.03 208.76
2.12 0.04 209.36
2.138 0.05 210.27
2.156 0.06 210.88
2.176 0.07 212.1
2.193 0.09 212.41
2.211 0.1 213.02
2.228 0.11 213.33
2.234 0.13 213.33
2.251 0.14 213.33
2.27 0.16 213.02
2.287 0.17 212.1
2.305 0.19 211.19
2.323 0.21 209.67
2.343 0.22 207.56
2.361 0.24 205.17
2.377 0.25 202.82
2.394 0.27 199.91
2.411 0.29 197.04
2.427 0.3 194.5
2.444 0.32 191.43
2.461 0.34 188.15
2.477 0.35 185.18
2.494 0.37 182.53
2.511 0.39 179.65
2.528 0.4 177.07
2.546 0.42 174.53
2.553 0.44 172.03
2.569 0.46 169.32
2.587 0.47 166.89
2.606 0.49 164.03
2.623 0.51 161.67
2.643 0.53 159.36
2.662 0.55 157.07
2.684 0.58 152.82
2.705 0.6 151.07
2.722 0.62 148.9
2.744 0.64 146.77
2.762 0.66 145.08
2.788 0.7 142.59
2.805 0.73 141.36
2.826 0.75 140.75
2.846 0.77 139.94
2.868 0.81 139.13
2.889 0.83 138.93
2.908 0.85 138.53
2.929 0.87 138.53
2.934 0.88 138.53
2.953 0.9 138.53
2.972 0.91 138.53
2.991 0.93 139.13
3.011 0.94 139.53
3.029 0.95 140.14
3.036 0.95 141.15
3.053 0.96 141.97
3.073 0.96 142.59
