SCRUB 
0.058 0.03 182.53
0.068 0.03 182.53
0.085 0.03 182
0.109 0.04 181.74
0.119 0.04 181.47
0.14 0.04 181.21
0.159 0.05 180.95
0.18 0.05 180.43
0.188 0.06 180.17
0.207 0.06 179.91
0.228 0.07 179.65
0.25 0.08 179.65
0.257 0.08 179.65
0.275 0.09 179.65
0.3 0.09 179.65
0.306 0.1 179.65
0.325 0.1 179.65
0.349 0.11 179.65
0.355 0.12 179.65
0.376 0.12 179.65
0.399 0.13 179.65
0.405 0.14 179.65
0.424 0.14 179.65
0.451 0.15 179.65
0.456 0.16 179.91
0.475 0.16 180.17
0.5 0.17 180.69
0.506 0.17 180.95
0.525 0.18 181.74
0.549 0.19 182.53
0.556 0.2 183.32
0.575 0.2 183.85
0.6 0.21 184.38
0.606 0.21 185.18
0.626 0.22 185.72
0.65 0.23 186.79
0.656 0.23 187.6
0.678 0.24 188.42
0.685 0.25 189.23
0.708 0.25 190.33
0.73 0.26 191.16
0.736 0.26 191.99
0.756 0.27 192.82
0.784 0.27 193.38
0.789 0.28 194.22
0.809 0.28 194.78
0.834 0.29 195.34
0.839 0.29 195.63
0.858 0.3 195.91
0.883 0.31 196.47
0.889 0.31 196.76
0.91 0.32 197.04
0.935 0.33 197.04
0.941 0.34 197.04
0.962 0.34 197.04
0.968 0.35 197.04
0.99 0.36 197.04
1.013 0.37 197.04
1.02 0.38 197.04
1.043 0.39 197.04
1.067 0.39 197.04
1.072 0.4 197.33
1.092 0.41 197.61
1.117 0.42 197.9
1.122 0.43 198.47
1.144 0.44 199.05
1.168 0.45 199.62
1.173 0.46 200.49
1.194 0.47 201.07
1.218 0.48 201.36
1.223 0.48 201.94
1.244 0.49 202.52
1.268 0.5 203.11
1.274 0.51 203.7
1.294 0.52 203.99
1.317 0.52 204.88
1.323 0.53 205.77
1.343 0.54 206.36
1.368 0.55 207.26
1.392 0.56 210.27
1.418 0.57 211.49
1.423 0.58 213.02
1.445 0.59 214.57
1.469 0.6 215.81
1.475 0.6 217.06
1.496 0.61 218
1.503 0.62 218.63
1.527 0.63 219.27
1.55 0.64 219.58
1.556 0.64 219.9
1.575 0.65 220.22
1.601 0.66 220.22
1.606 0.67 220.22
1.629 0.68 220.22
1.652 0.68 220.22
1.657 0.69 220.22
1.681 0.7 220.22
1.687 0.71 220.22
1.714 0.72 220.22
1.719 0.73 221.17
1.742 0.74 222.45
1.767 0.75 223.74
1.772 0.75 225.69
1.795 0.76 228.31
1.803 0.77 231.3
1.824 0.78 234.66
1.85 0.79 237.73
1.879 0.81 245.76
1.908 0.82 254.06
1.935 0.83 258.88
1.962 0.84 269.17
1.968 0.85 274.27
1.993 0.85 281.09
2.019 0.86 286.41
2.047 0.87 299.53
2.055 0.88 306.53
2.079 0.88 313.69
2.085 0.89 321.49
2.111 0.89 328.53
2.136 0.9 336.69
2.164 0.9 352.62
2.193 0.9 370.36
2.221 0.91 380.11
2.25 0.91 401.55
2.279 0.92 425.43
2.303 0.92 437.9
2.332 0.93 461.26
2.338 0.94 474.1
2.361 0.94 485.18
2.386 0.94 498.67
