SCRUB 
0.091 0.01 208.46
0.109 0.01 208.76
0.117 0.01 209.36
0.137 0.02 210.27
0.16 0.03 211.49
0.167 0.03 213.02
0.195 0.04 214.88
0.21 0.05 217.37
0.226 0.06 220.22
0.235 0.06 223.1
0.252 0.07 226.67
0.269 0.07 230.97
0.288 0.08 235.34
0.307 0.09 240.84
0.326 0.09 246.47
0.343 0.1 252.96
0.363 0.1 260
0.369 0.11 267.23
0.385 0.11 274.27
0.404 0.12 282.31
0.422 0.12 290.16
0.441 0.13 298.23
0.46 0.14 306.53
0.467 0.14 314.6
0.484 0.15 323.35
0.504 0.16 330.91
0.521 0.17 339.62
0.541 0.18 346.56
0.56 0.19 354.15
0.578 0.2 360.34
0.584 0.21 365.58
0.602 0.23 370.36
0.621 0.24 374.12
0.637 0.24 376.29
0.657 0.25 376.83
0.677 0.26 376.83
0.695 0.26 375.2
0.701 0.26 372.51
0.718 0.27 369.83
0.737 0.27 367.16
0.756 0.27 365.05
0.776 0.28 362.95
0.794 0.28 359.82
0.801 0.28 357.23
0.818 0.29 354.15
0.838 0.29 351.09
0.856 0.29 348.06
0.875 0.3 344.56
0.894 0.3 341.1
0.9 0.3 337.18
0.919 0.31 332.82
0.938 0.31 329
0.958 0.31 324.75
0.978 0.32 320.1
0.984 0.32 315.96
1.002 0.32 311.43
1.023 0.33 306.97
1.041 0.33 302.57
1.06 0.33 298.66
1.079 0.34 294.81
1.084 0.34 290.58
1.102 0.35 286.83
1.121 0.35 283.12
1.139 0.35 279.87
1.159 0.36 277.46
1.178 0.36 275.46
1.184 0.37 274.27
1.203 0.37 273.48
1.223 0.38 273.08
1.242 0.38 272.69
1.266 0.39 272.69
1.286 0.4 272.69
1.308 0.4 272.69
1.329 0.4 272.69
1.335 0.41 272.69
1.353 0.41 272.69
1.376 0.42 271.9
1.394 0.42 271.51
1.401 0.42 270.73
1.42 0.43 269.56
1.441 0.43 268.39
1.461 0.44 267.23
1.48 0.44 265.69
1.486 0.45 264.16
1.505 0.45 262.64
1.525 0.45 261.13
1.545 0.46 260
1.55 0.46 258.5
1.569 0.47 256.64
1.594 0.48 254.06
1.6 0.48 252.23
1.617 0.49 250.06
1.638 0.49 248.26
1.657 0.5 246.47
1.678 0.51 244.35
1.684 0.51 242.59
1.703 0.52 240.84
1.725 0.52 239.46
1.745 0.53 238.42
1.769 0.54 236.71
1.791 0.55 235.68
1.811 0.55 235
1.83 0.55 234.33
1.837 0.56 233.99
1.856 0.56 233.65
1.876 0.57 233.31
1.895 0.57 232.98
1.901 0.58 232.3
1.921 0.58 232.3
1.94 0.58 232.3
1.963 0.59 231.97
1.97 0.59 231.63
1.988 0.6 231.63
2.01 0.6 231.3
2.029 0.6 230.97
2.055 0.61 230.63
2.075 0.61 230.63
2.096 0.62 230.63
2.102 0.62 230.63
2.122 0.63 230.3
2.144 0.63 230.3
2.15 0.63 229.97
2.171 0.64 229.97
2.191 0.64 229.64
2.213 0.64 229.64
2.22 0.65 229.3
2.239 0.65 229.3
2.26 0.65 229.3
2.281 0.65 229.3
2.287 0.65 229.3
2.305 0.66 229.3
2.332 0.66 229.3
2.338 0.66 228.97
2.358 0.67 228.64
2.379 0.67 228.31
2.385 0.67 227.98
2.407 0.67 227.65
2.428 0.68 227
2.447 0.68 226.34
2.453 0.68 226.02
2.472 0.68 225.36
2.493 0.69 225.04
2.515 0.69 224.39
2.521 0.69 224.07
2.54 0.7 223.74
2.561 0.7 223.42
2.588 0.71 223.1
2.607 0.71 223.1
2.63 0.72 223.1
2.636 0.72 223.1
2.659 0.72 223.1
2.682 0.73 223.1
2.705 0.74 223.1
2.73 0.74 222.78
2.737 0.75 222.78
2.757 0.75 222.78
2.782 0.75 222.45
2.805 0.76 221.49
2.829 0.77 220.85
2.835 0.77 220.22
2.855 0.78 219.27
2.877 0.78 218.63
2.898 0.79 217.37
2.923 0.8 216.43
2.947 0.8 215.81
2.953 0.81 215.19
2.973 0.82 214.88
2.995 0.82 214.57
3.022 0.84 213.64
3.043 0.84 213.02
3.066 0.85 212.72
3.071 0.85 212.41
3.09 0.86 211.49
3.116 0.87 210.58
3.141 0.88 208.76
3.164 0.88 207.86
3.171 0.89 206.96
3.191 0.89 206.06
3.215 0.9 205.47
3.221 0.9 205.17
3.241 0.91 204.29
3.266 0.91 203.99
3.292 0.92 202.82
3.316 0.93 202.23
3.321 0.94 201.94
3.344 0.94 201.36
3.367 0.95 201.36
3.373 0.96 201.07
3.397 0.96 201.07
3.403 0.97 201.07
3.425 0.98 201.07
