SCRUB 
0.032 0.17 248.26
0.042 0.18 252.23
0.057 0.19 256.27
0.075 0.21 260.75
0.093 0.22 264.93
0.112 0.24 269.17
0.13 0.26 273.08
0.147 0.27 275.86
0.164 0.29 278.26
0.182 0.31 279.47
0.189 0.33 279.87
0.205 0.35 279.87
0.222 0.37 279.87
0.239 0.39 277.46
0.258 0.41 274.27
0.274 0.43 270.34
0.291 0.45 265.69
0.308 0.47 261.13
0.324 0.49 256.64
0.342 0.5 252.23
0.358 0.52 248.98
0.376 0.54 246.47
0.394 0.56 244.7
0.412 0.58 243.64
0.431 0.6 243.29
0.447 0.62 243.29
0.463 0.65 243.29
0.482 0.67 243.64
0.498 0.7 245.05
0.516 0.72 247.54
0.523 0.75 249.7
0.54 0.77 252.6
0.559 0.79 255.53
0.578 0.81 258.13
0.596 0.82 260
0.614 0.84 262.26
0.633 0.85 264.16
0.639 0.85 264.93
