SCRUB 
0.079 0.06 230.3
0.098 0.06 231.63
0.108 0.06 233.31
0.126 0.07 234.66
0.145 0.07 236.71
0.16 0.07 238.42
0.178 0.08 240.84
0.193 0.08 243.29
0.209 0.09 245.05
0.227 0.09 247.54
0.246 0.1 249.7
0.265 0.1 251.87
0.284 0.11 254.06
0.29 0.11 256.64
0.307 0.12 258.88
0.325 0.13 260.75
0.343 0.13 262.64
0.362 0.14 264.54
0.381 0.15 267.23
0.4 0.15 269.17
0.406 0.16 271.12
0.424 0.17 272.69
0.443 0.17 274.27
0.46 0.18 276.26
0.479 0.19 278.26
0.499 0.2 280.68
0.518 0.2 283.12
0.525 0.21 285.59
0.543 0.22 287.66
0.56 0.23 290.16
0.581 0.23 293.11
0.601 0.24 296.09
0.607 0.25 299.09
0.625 0.25 301.26
0.644 0.26 304.32
0.665 0.26 307.86
0.685 0.27 310.98
0.708 0.28 316.88
0.729 0.28 319.64
0.749 0.29 322.88
0.767 0.29 325.22
0.773 0.3 327.58
0.791 0.3 329.48
0.811 0.3 329.95
0.83 0.31 330.91
0.85 0.31 330.91
0.856 0.31 330.91
0.874 0.32 330.91
0.893 0.32 330.91
0.911 0.32 329.48
0.931 0.33 328.05
0.95 0.33 326.63
0.957 0.33 324.75
0.977 0.34 323.35
0.995 0.34 321.95
1.016 0.35 320.56
1.035 0.35 319.64
1.041 0.35 318.71
1.06 0.36 317.79
1.079 0.36 316.88
1.099 0.37 316.88
1.118 0.37 316.88
1.124 0.38 316.88
1.142 0.39 316.88
1.16 0.39 316.88
1.181 0.4 316.88
1.2 0.4 316.88
1.206 0.41 316.88
1.226 0.42 316.88
1.245 0.42 316.88
1.266 0.43 316.42
1.285 0.43 315.96
1.291 0.44 315.51
1.31 0.45 315.51
1.33 0.45 315.51
1.351 0.46 315.51
1.356 0.47 315.51
1.376 0.48 315.51
1.396 0.48 315.51
1.417 0.49 315.51
1.423 0.5 315.51
1.443 0.5 315.51
1.461 0.51 315.51
1.484 0.52 315.51
1.489 0.52 315.96
1.509 0.53 316.88
1.528 0.54 317.79
1.551 0.55 318.71
1.557 0.55 319.64
1.576 0.56 321.02
1.595 0.56 321.95
1.617 0.57 323.35
1.623 0.57 324.28
1.642 0.58 325.22
1.661 0.58 326.16
1.684 0.59 327.11
1.691 0.59 328.05
1.712 0.6 329
1.732 0.6 329.95
1.753 0.6 330.91
1.759 0.61 332.34
1.777 0.61 333.31
1.799 0.62 334.27
1.819 0.62 336.21
1.826 0.62 337.67
1.844 0.63 339.13
1.866 0.63 341.1
1.886 0.64 342.08
1.892 0.64 343.57
1.911 0.65 344.56
1.933 0.65 346.06
1.954 0.65 347.56
1.959 0.66 348.57
1.979 0.66 350.08
1.999 0.67 351.6
2.021 0.68 353.12
2.044 0.69 357.23
2.067 0.69 358.78
2.093 0.7 361.38
2.114 0.71 362.95
2.137 0.72 363.47
2.144 0.72 365.58
2.163 0.73 366.64
2.185 0.74 367.16
2.191 0.74 368.76
2.211 0.75 370.36
2.234 0.76 371.43
2.24 0.76 372.51
2.26 0.77 374.12
2.28 0.78 375.2
2.305 0.78 376.83
2.329 0.8 379.56
2.351 0.8 381.21
2.358 0.81 382.87
2.377 0.81 383.42
2.398 0.82 385.64
2.42 0.83 387.32
2.426 0.83 389
2.445 0.84 390.69
2.469 0.84 392.38
2.476 0.85 394.66
2.496 0.85 396.37
2.518 0.85 397.52
2.524 0.86 398.67
2.545 0.86 400.4
2.566 0.87 401.55
2.572 0.87 403.3
2.594 0.87 404.46
2.617 0.88 405.63
2.624 0.88 407.98
2.646 0.89 409.76
2.67 0.89 411.53
2.676 0.89 413.92
2.698 0.9 415.12
2.72 0.9 417.52
2.727 0.9 418.73
2.747 0.91 420.55
2.771 0.91 421.76
2.796 0.91 425.43
2.821 0.91 427.28
2.847 0.92 431
2.871 0.92 433.49
2.897 0.92 436.64
2.923 0.92 437.9
