SCRUB 
0.065 0.09 203.11
0.075 0.09 203.99
0.096 0.09 205.77
0.115 0.1 207.86
0.131 0.1 210.27
0.147 0.11 212.72
0.154 0.11 215.19
0.173 0.12 217.69
0.19 0.13 220.54
0.21 0.13 223.1
0.228 0.14 225.36
0.246 0.15 227.65
0.254 0.16 229.97
0.272 0.17 231.97
0.29 0.18 233.65
0.307 0.19 234.66
0.327 0.2 235.68
0.346 0.21 236.71
0.365 0.22 237.05
0.371 0.23 237.73
0.388 0.24 238.08
0.408 0.25 238.77
0.425 0.26 239.11
0.444 0.27 239.46
0.463 0.28 239.8
0.481 0.29 239.8
0.497 0.3 239.8
0.514 0.31 239.46
0.537 0.32 238.77
0.542 0.33 237.73
0.559 0.35 236.71
0.578 0.36 235.68
0.598 0.37 234.66
0.616 0.38 233.65
0.622 0.4 232.3
0.64 0.41 231.3
0.657 0.42 230.3
0.677 0.44 229.3
0.697 0.45 228.97
0.704 0.46 228.31
0.722 0.48 227.65
0.741 0.49 227.33
0.76 0.51 227.33
0.78 0.52 227.33
0.799 0.53 227.33
0.804 0.55 227.33
0.822 0.56 227.65
0.844 0.58 228.64
0.862 0.59 229.64
0.882 0.6 230.63
0.888 0.62 232.3
0.906 0.63 233.65
0.924 0.65 234.66
0.945 0.66 236.36
0.965 0.67 237.73
0.971 0.69 239.46
0.99 0.7 241.54
1.008 0.71 243.29
1.029 0.72 245.41
1.049 0.74 247.19
1.055 0.75 249.34
1.073 0.76 251.51
1.094 0.77 254.06
1.114 0.78 257.39
1.12 0.79 260
1.14 0.79 263.02
1.158 0.8 266.46
1.18 0.81 269.95
1.2 0.82 273.08
1.206 0.83 276.26
1.223 0.84 280.28
1.244 0.84 283.94
1.265 0.85 287.24
1.272 0.86 291
1.289 0.87 295.23
1.31 0.87 298.66
1.329 0.88 302.13
1.349 0.89 306.08
1.356 0.89 310.54
1.375 0.9 314.14
1.394 0.9 317.79
1.417 0.91 321.95
1.424 0.91 326.16
1.447 0.92 329.48
1.466 0.92 332.82
1.472 0.92 337.18
1.49 0.93 340.6
1.511 0.93 344.56
1.532 0.93 348.06
1.538 0.94 351.09
1.556 0.94 355.17
1.576 0.94 358.78
1.599 0.94 361.38
1.604 0.94 364
1.624 0.95 366.64
1.646 0.95 368.76
1.666 0.95 371.97
1.671 0.95 374.12
1.69 0.95 375.2
