SCRUB 
0.077 0.09 183.05
0.084 0.09 183.05
0.101 0.09 183.05
0.121 0.1 183.05
0.131 0.1 183.05
0.148 0.11 183.05
0.168 0.11 183.05
0.189 0.12 183.05
0.213 0.13 183.05
0.234 0.14 183.05
0.257 0.15 183.05
0.264 0.15 183.05
0.282 0.16 183.05
0.306 0.16 183.05
0.313 0.17 183.05
0.332 0.17 183.05
0.353 0.18 183.05
0.36 0.19 183.05
0.381 0.19 183.05
0.402 0.2 183.32
0.424 0.2 183.32
0.429 0.21 184.11
0.449 0.21 184.91
0.47 0.22 185.72
0.477 0.22 186.79
0.498 0.23 187.6
0.521 0.23 188.69
0.527 0.24 190.06
0.548 0.25 191.16
0.571 0.25 192.54
0.577 0.26 193.38
0.598 0.26 194.22
0.621 0.27 195.06
0.626 0.28 195.91
0.647 0.29 196.76
0.668 0.29 197.33
0.692 0.3 198.18
0.697 0.31 198.76
0.716 0.32 199.33
0.739 0.33 199.62
0.746 0.34 199.91
0.765 0.35 200.49
0.789 0.35 200.49
0.798 0.36 200.49
0.818 0.37 200.49
0.84 0.38 200.49
0.845 0.39 200.49
0.866 0.4 200.2
0.89 0.42 199.91
0.897 0.43 199.62
0.917 0.44 199.62
0.944 0.45 199.33
0.949 0.46 199.33
0.969 0.47 199.33
0.991 0.48 199.33
0.996 0.49 199.33
1.016 0.5 199.33
1.042 0.51 199.33
1.066 0.52 200.49
1.088 0.53 201.36
1.094 0.54 202.23
1.114 0.54 203.11
1.137 0.55 203.99
1.143 0.55 204.58
1.166 0.56 205.17
1.188 0.57 205.47
1.194 0.57 205.77
1.216 0.58 205.77
1.239 0.59 205.77
1.245 0.6 205.77
1.267 0.61 205.77
1.291 0.61 205.77
1.297 0.62 206.06
1.316 0.63 206.66
1.342 0.63 207.56
1.368 0.64 209.36
1.392 0.64 209.97
1.418 0.65 210.88
1.443 0.66 211.19
1.47 0.67 211.49
1.476 0.68 211.49
1.5 0.69 211.49
1.523 0.69 211.49
1.529 0.7 211.49
1.549 0.71 211.49
1.575 0.72 212.41
1.58 0.72 213.33
1.6 0.73 214.57
1.625 0.74 216.12
1.651 0.77 220.54
1.676 0.78 223.42
1.681 0.8 226.67
1.702 0.81 230.3
1.727 0.82 233.99
1.733 0.83 239.11
1.754 0.84 244.35
1.76 0.85 251.14
1.784 0.86 258.5
1.809 0.87 266.85
1.814 0.88 274.67
1.835 0.88 283.12
1.86 0.89 293.11
1.887 0.9 313.69
1.91 0.91 324.28
1.915 0.92 334.27
1.936 0.93 344.06
1.942 0.93 353.12
1.967 0.94 361.9
1.991 0.94 370.36
1.997 0.94 378.47
2.021 0.95 385.64
2.027 0.95 392.95
2.051 0.95 399.82
2.076 0.95 406.22
2.103 0.95 416.32
2.111 0.95 421.76
