SCRUB 
0.03 0.08 195.91
0.042 0.08 195.34
0.061 0.09 193.94
0.076 0.09 192.54
0.093 0.1 190.88
0.109 0.11 188.96
0.126 0.11 187.33
0.142 0.13 185.45
0.162 0.14 183.85
0.18 0.15 182
0.196 0.17 180.17
0.213 0.18 178.87
0.229 0.2 177.59
0.246 0.22 177.07
0.262 0.24 176.31
0.28 0.25 176.05
0.297 0.27 176.05
0.314 0.29 176.05
0.331 0.31 176.05
0.348 0.33 177.07
0.365 0.35 178.36
0.381 0.37 180.17
0.396 0.39 182.53
0.413 0.41 185.18
0.43 0.43 187.87
0.451 0.45 190.61
0.458 0.46 193.38
0.473 0.48 196.19
0.49 0.5 199.62
0.508 0.52 203.11
0.525 0.55 206.96
0.541 0.56 210.88
0.559 0.58 214.88
0.576 0.6 219.27
0.593 0.62 222.78
0.609 0.64 226.67
0.626 0.66 231.3
0.642 0.68 235.34
0.66 0.7 239.46
0.677 0.71 243.99
0.694 0.73 247.54
0.712 0.75 251.14
0.73 0.76 254.8
0.748 0.78 258.5
0.767 0.79 261.88
0.784 0.8 266.08
0.79 0.82 269.95
0.806 0.83 273.87
0.825 0.84 277.46
0.844 0.85 280.68
0.86 0.86 283.94
0.879 0.87 286.83
0.897 0.88 290.16
0.916 0.89 293.53
0.923 0.9 297.8
0.94 0.91 301.26
0.959 0.93 305.2
