SCRUB 
0.022 0.01 213.33
0.032 0.03 212.72
0.048 0.04 212.41
0.067 0.05 212.41
0.085 0.07 213.33
0.102 0.08 215.19
0.122 0.09 217.69
0.141 0.1 221.49
0.159 0.11 225.36
0.177 0.11 229.3
0.183 0.12 233.99
0.199 0.12 238.77
0.22 0.12 243.99
0.238 0.13 248.26
0.259 0.13 252.96
0.277 0.13 258.13
0.285 0.13 263.4
0.302 0.13 268.78
0.321 0.14 273.87
0.342 0.14 280.28
0.349 0.14 285.59
0.367 0.15 292.26
0.386 0.15 298.66
0.406 0.16 305.64
0.426 0.17 312.79
0.433 0.18 321.02
0.451 0.19 328.53
0.471 0.2 336.21
0.493 0.21 342.08
0.5 0.23 348.06
0.519 0.24 352.62
0.537 0.25 355.68
0.557 0.25 358.26
0.577 0.26 359.3
0.582 0.27 359.3
0.6 0.27 359.3
0.621 0.28 358.26
0.641 0.29 355.17
0.664 0.3 351.09
0.67 0.31 344.56
0.687 0.32 337.18
0.709 0.33 328.53
0.715 0.34 317.79
0.735 0.35 307.41
0.754 0.35 296.51
0.776 0.36 285.59
0.782 0.36 275.06
0.802 0.37 265.31
0.82 0.38 257.76
0.841 0.38 251.14
0.86 0.39 245.41
0.865 0.4 239.8
0.884 0.41 235
0.904 0.43 230.3
0.926 0.44 226.34
0.932 0.45 222.45
0.951 0.46 219.27
0.972 0.48 215.81
0.993 0.49 212.1
0.999 0.5 207.86
1.019 0.51 203.11
1.038 0.52 197.9
1.061 0.53 193.38
1.069 0.54 188.96
1.085 0.54 185.72
1.107 0.55 182.26
1.126 0.56 179.39
1.131 0.58 177.33
1.15 0.59 176.05
1.172 0.6 174.79
1.193 0.62 173.78
1.199 0.63 172.78
1.218 0.64 172.03
1.239 0.65 172.03
1.26 0.67 172.03
1.267 0.68 172.03
1.286 0.69 173.78
1.305 0.7 176.05
1.329 0.71 178.36
1.337 0.73 181.47
1.354 0.74 184.11
1.378 0.75 186.79
1.386 0.76 188.69
1.405 0.77 190.61
1.429 0.79 191.71
1.435 0.8 192.54
1.452 0.81 192.82
1.476 0.83 192.82
1.482 0.85 192.82
1.503 0.86 192.82
1.523 0.88 192.82
1.545 0.9 192.82
1.552 0.91 192.82
1.57 0.93 192.82
1.594 0.94 192.82
1.62 0.96 191.99
1.64 0.97 191.71
1.663 0.97 190.88
1.669 0.98 190.61
1.687 0.98 190.06
1.714 0.98 189.78
1.72 0.98 189.51
1.738 0.98 189.23
1.76 0.98 188.96
1.766 0.97 188.69
1.789 0.97 188.42
