SCRUB 
0.049 0.04 167.13
0.06 0.04 167.13
0.075 0.04 167.13
0.097 0.05 167.13
0.107 0.05 167.13
0.123 0.06 167.13
0.146 0.07 167.13
0.165 0.08 167.62
0.187 0.09 169.08
0.194 0.1 171.29
0.211 0.11 173.28
0.231 0.12 175.55
0.237 0.13 178.36
0.257 0.15 181.47
0.276 0.16 184.38
0.297 0.17 187.6
0.304 0.18 190.88
0.323 0.19 193.38
0.343 0.19 196.19
0.365 0.2 199.05
0.371 0.21 201.36
0.391 0.22 203.11
0.41 0.23 204.58
0.432 0.23 205.77
0.438 0.24 206.96
0.458 0.25 208.16
0.477 0.26 208.76
0.498 0.27 209.06
0.504 0.28 209.36
0.523 0.29 209.36
0.545 0.3 209.36
0.565 0.31 208.76
0.57 0.32 207.86
0.591 0.33 206.66
0.612 0.35 205.77
0.633 0.36 204.58
0.639 0.37 203.4
0.658 0.39 202.23
0.678 0.4 201.07
0.701 0.41 199.62
0.707 0.43 198.76
0.724 0.44 197.33
0.748 0.46 196.47
0.754 0.47 195.34
0.774 0.49 194.5
0.793 0.5 193.38
0.816 0.52 192.54
0.823 0.54 191.99
0.842 0.55 191.99
0.864 0.57 191.99
0.871 0.59 192.54
0.891 0.6 194.5
0.911 0.62 197.04
0.934 0.64 199.91
0.94 0.65 203.7
0.959 0.67 208.76
0.981 0.68 213.64
0.987 0.7 220.54
1.007 0.71 227.33
1.031 0.72 235
1.036 0.73 243.29
1.057 0.74 252.23
1.077 0.74 260.75
1.101 0.75 270.34
1.107 0.76 280.68
1.125 0.76 292.26
1.149 0.77 303.44
1.176 0.79 328.05
1.196 0.8 341.59
1.223 0.81 355.17
1.229 0.83 375.2
1.248 0.83 381.76
1.254 0.85 394.66
1.274 0.86 407.98
1.295 0.87 418.73
1.303 0.89 431
1.321 0.91 440.43
1.346 0.93 451.38
1.367 0.94 458.61
1.373 0.96 465.28
1.393 0.98 470.68
1.416 0.99 475.47
1.423 1 478.91
1.444 1 480.99
