SCRUB 
0.07 0.02 179.13
0.097 0.02 179.13
0.12 0.03 179.13
0.131 0.03 179.13
0.139 0.03 179.13
0.163 0.03 178.87
0.188 0.04 178.87
0.216 0.05 178.36
0.237 0.05 178.36
0.264 0.06 177.84
0.287 0.06 177.84
0.314 0.07 177.33
0.32 0.08 177.07
0.344 0.08 177.07
0.37 0.09 176.56
0.375 0.09 176.31
0.4 0.09 176.05
0.407 0.1 176.05
0.432 0.1 176.05
0.437 0.1 176.05
0.461 0.11 176.05
0.486 0.11 176.05
0.491 0.11 176.05
0.516 0.12 176.05
0.521 0.12 176.56
0.549 0.12 177.59
0.578 0.13 179.91
0.604 0.13 180.95
0.609 0.14 182.26
0.634 0.14 183.32
0.64 0.14 184.91
0.664 0.15 186.25
0.67 0.15 187.6
0.696 0.15 188.96
0.723 0.16 190.61
0.729 0.16 192.26
0.756 0.16 192.54
0.761 0.17 193.38
0.788 0.17 193.38
0.793 0.17 193.94
0.819 0.18 193.94
0.824 0.18 193.94
0.856 0.19 193.94
0.861 0.2 193.94
0.887 0.2 193.94
0.892 0.21 194.22
0.92 0.21 194.5
0.95 0.23 195.34
0.957 0.23 196.19
0.984 0.24 197.61
0.99 0.24 199.33
1.016 0.25 201.07
1.022 0.25 203.11
1.05 0.26 205.17
1.056 0.26 206.96
1.083 0.27 209.36
1.088 0.27 211.49
1.115 0.28 213.02
1.12 0.28 213.95
1.146 0.29 214.57
1.172 0.29 215.19
1.177 0.3 215.19
1.204 0.3 215.19
1.209 0.3 215.19
1.234 0.31 215.19
1.241 0.31 215.19
1.264 0.32 215.19
1.29 0.32 214.88
1.322 0.33 213.95
1.354 0.34 212.41
1.388 0.35 210.58
1.393 0.35 209.36
1.421 0.36 208.16
1.452 0.37 206.66
1.457 0.37 206.06
1.483 0.37 206.06
1.489 0.38 205.77
1.517 0.38 205.77
1.522 0.39 205.77
1.551 0.39 205.77
1.556 0.4 205.77
1.585 0.4 206.06
1.59 0.4 206.66
1.619 0.41 207.86
1.652 0.42 210.58
1.657 0.42 212.1
1.686 0.43 213.64
1.719 0.43 215.81
1.752 0.44 217.69
1.787 0.45 218.63
1.794 0.45 218.95
1.82 0.46 219.27
1.852 0.47 219.27
1.884 0.48 219.27
1.89 0.48 218
1.919 0.49 217.06
1.953 0.5 214.57
1.986 0.51 212.1
1.991 0.52 210.88
2.019 0.52 209.67
2.025 0.53 208.76
2.052 0.54 207.86
2.085 0.55 207.26
2.119 0.56 207.26
2.151 0.58 207.26
2.157 0.58 207.56
2.187 0.59 208.16
2.192 0.59 209.36
2.22 0.6 210.27
2.254 0.61 213.02
2.287 0.62 215.19
2.32 0.63 217.37
2.325 0.63 218.32
2.356 0.64 218.63
2.361 0.64 219.27
2.39 0.65 219.27
2.423 0.66 219.27
2.457 0.68 218
2.463 0.69 217.06
2.495 0.7 216.43
2.533 0.72 216.43
2.566 0.73 216.43
2.571 0.74 217.37
2.603 0.74 218.63
2.636 0.75 222.45
2.669 0.76 226.34
2.704 0.77 231.97
2.738 0.78 238.42
2.773 0.78 246.47
2.806 0.79 255.9
2.838 0.79 268.39
2.873 0.79 282.71
2.879 0.8 294.81
2.908 0.8 299.09
2.94 0.8 317.79
2.973 0.8 338.64
2.978 0.81 355.68
3.008 0.81 360.34
3.042 0.82 383.42
3.048 0.82 400.97
3.074 0.82 406.81
3.079 0.83 423.59
3.107 0.83 429.13
3.142 0.84 449.43
3.148 0.85 463.27
3.177 0.85 467.3
3.216 0.87 487.99
3.222 0.88 491.52
3.253 0.88 494.37
3.289 0.9 495.8
3.295 0.92 495.8
3.323 0.93 495.8
3.356 0.96 493.66
3.362 0.99 491.52
3.392 0.99 490.81
