SCRUB 
0.0345 0.09 236.71
0.0467 0.09 236.36
0.0617 0.09 235.34
0.0812 0.1 234.66
0.1596 0.1 233.65
0.1863 0.14 227.33
0.2033 0.15 226.67
0.2206 0.15 226.02
0.2555 0.16 225.36
0.2632 0.17 225.36
0.2802 0.18 225.36
0.2968 0.19 225.36
0.3144 0.2 225.69
0.3385 0.21 227
0.3497 0.22 228.97
0.3726 0.23 231.3
0.3821 0.24 233.65
0.4397 0.25 235.68
0.4635 0.27 243.29
0.4801 0.27 246.47
0.4891 0.28 249.7
0.5033 0.29 253.69
0.5205 0.29 258.13
0.5284 0.3 263.78
0.5554 0.31 269.56
0.5615 0.32 275.46
0.5962 0.33 281.9
0.6157 0.35 293.53
0.634 0.36 299.53
0.654 0.37 305.64
0.6732 0.38 310.98
0.6788 0.39 316.88
0.7465 0.4 322.42
0.7544 0.44 335.72
0.769 0.45 338.64
0.7882 0.46 341.59
0.8215 0.48 344.06
0.8371 0.51 347.56
0.8471 0.52 348.06
0.8621 0.54 348.06
0.8826 0.55 348.06
0.9057 0.57 347.56
0.933 0.58 344.56
0.9485 0.6 337.18
0.9686 0.62 332.82
0.9849 0.63 328.05
1.0237 0.64 322.42
1.0503 0.66 312.34
1.064 0.67 306.08
1.0971 0.69 294.81
1.1041 0.7 289.32
1.1156 0.71 283.94
1.1347 0.72 278.26
1.1575 0.74 273.08
1.173 0.75 268.39
1.1816 0.76 263.78
1.1973 0.77 260.38
1.2191 0.78 256.64
1.2354 0.79 254.06
1.2551 0.8 250.78
1.2754 0.81 248.62
1.2815 0.82 246.83
1.3228 0.83 245.76
1.3497 0.85 244.7
1.3637 0.86 244.7
1.3877 0.87 246.47
1.4166 0.89 249.7
1.431 0.91 257.76
1.4533 0.92 263.02
1.473 0.93 267.23
1.4846 0.94 271.51
1.5013 0.94 275.06
1.5198 0.95 278.26
1.5378 0.95 281.09
1.5497 0.95 283.94
1.5652 0.96 285.59
1.5884 0.96 286.83
