SCRUB 
0.043 0.02 220.85
0.053 0.02 220.54
0.069 0.03 220.22
0.09 0.03 220.22
0.113 0.03 219.9
0.132 0.04 219.9
0.137 0.05 219.9
0.153 0.05 219.9
0.172 0.06 219.9
0.195 0.06 219.9
0.213 0.07 220.22
0.221 0.07 221.17
0.239 0.08 222.45
0.256 0.08 224.39
0.276 0.09 227
0.297 0.09 229.97
0.303 0.09 232.98
0.322 0.1 236.71
0.34 0.1 241.19
0.36 0.1 245.76
0.381 0.1 250.78
0.386 0.11 255.9
0.405 0.11 261.13
0.426 0.11 266.08
0.446 0.11 271.51
0.466 0.11 276.66
0.473 0.12 281.9
0.489 0.12 286.83
0.51 0.12 292.26
0.531 0.12 297.37
0.537 0.12 302.57
0.555 0.13 308.3
0.576 0.13 313.69
0.597 0.13 319.64
0.603 0.14 325.22
0.623 0.14 330.91
0.641 0.15 336.69
0.663 0.15 342.08
0.67 0.15 347.56
0.689 0.16 352.62
0.708 0.16 358.26
0.729 0.16 363.47
0.748 0.17 370.36
0.755 0.17 377.92
0.774 0.18 386.2
0.793 0.18 394.66
0.814 0.18 402.72
0.82 0.19 410.35
0.839 0.19 418.12
0.859 0.19 425.43
0.88 0.19 432.87
0.886 0.19 439.16
0.905 0.19 445.55
0.927 0.19 451.38
0.949 0.19 455.97
0.955 0.19 457.95
0.975 0.19 458.61
0.994 0.2 458.61
1.015 0.2 457.29
1.022 0.2 451.38
1.04 0.2 444.91
1.061 0.21 436.64
1.083 0.21 427.28
1.09 0.21 418.12
1.107 0.21 407.98
1.131 0.21 398.67
1.156 0.22 380.66
1.176 0.22 370.9
1.198 0.22 362.95
1.205 0.22 353.64
1.225 0.22 345.06
1.245 0.22 336.21
1.267 0.22 328.05
1.272 0.22 320.56
1.292 0.22 313.69
1.313 0.23 306.97
1.32 0.23 301.26
1.341 0.23 296.09
1.361 0.23 290.58
1.382 0.23 286.41
1.389 0.24 281.49
1.409 0.24 276.26
1.429 0.24 270.73
1.449 0.25 265.31
1.475 0.25 255.16
1.497 0.25 250.42
1.503 0.25 245.05
1.524 0.25 240.15
1.544 0.25 235.34
1.566 0.25 230.63
1.592 0.26 223.42
1.614 0.26 219.58
1.62 0.26 216.12
1.642 0.26 213.02
1.663 0.27 209.67
1.684 0.27 206.66
1.69 0.27 204.29
1.71 0.28 202.23
1.733 0.28 200.49
1.739 0.29 198.76
1.759 0.29 197.04
1.784 0.3 195.34
1.79 0.3 193.94
1.81 0.31 192.54
1.835 0.31 191.71
1.84 0.32 191.43
1.859 0.32 191.43
1.886 0.32 191.71
1.891 0.33 192.54
1.911 0.33 194.22
1.934 0.34 195.91
1.939 0.34 198.76
1.961 0.34 201.94
1.984 0.35 205.77
1.989 0.35 209.97
2.008 0.35 214.26
2.031 0.36 218.63
2.037 0.36 222.78
2.059 0.37 226.02
2.082 0.37 228.97
2.089 0.37 230.63
2.109 0.38 231.63
2.135 0.38 232.3
2.14 0.39 232.3
2.16 0.39 232.3
2.182 0.39 230.63
2.189 0.39 228.31
2.21 0.4 225.69
2.235 0.4 223.1
2.24 0.4 219.9
2.26 0.4 216.43
2.285 0.4 213.64
2.31 0.4 207.86
2.334 0.4 205.77
2.34 0.4 203.7
2.359 0.4 201.65
2.385 0.41 199.33
2.39 0.41 197.04
2.409 0.41 195.06
2.435 0.41 193.1
2.46 0.41 189.51
2.484 0.42 188.42
2.49 0.42 187.33
2.513 0.42 186.25
2.519 0.43 185.45
2.543 0.43 184.91
2.568 0.43 183.85
2.593 0.44 182.53
2.619 0.44 182
2.645 0.45 181.21
2.652 0.45 180.95
2.675 0.46 180.95
2.699 0.46 180.95
2.705 0.46 181.47
2.729 0.47 182.53
2.754 0.47 183.85
2.781 0.48 188.15
2.81 0.49 192.54
2.834 0.49 194.5
2.841 0.49 195.34
2.862 0.5 196.19
2.886 0.5 196.47
2.912 0.51 197.04
2.936 0.51 196.47
2.963 0.52 191.43
2.985 0.52 187.87
2.99 0.52 184.38
3.012 0.52 180.95
3.036 0.53 178.36
3.064 0.53 174.28
3.07 0.54 172.53
3.095 0.54 171.54
3.119 0.54 170.79
3.147 0.55 170.3
3.153 0.56 170.3
3.177 0.57 170.06
3.202 0.57 169.81
3.23 0.59 169.08
3.236 0.59 168.83
3.262 0.6 168.1
3.285 0.61 167.38
3.311 0.62 164.74
3.336 0.63 163.55
3.362 0.65 161.21
3.387 0.65 160.28
3.418 0.67 158.9
3.445 0.69 157.53
3.47 0.7 156.62
3.476 0.71 155.72
3.498 0.71 154.6
3.505 0.72 153.26
3.529 0.73 151.72
3.552 0.73 149.55
3.581 0.74 145.92
3.612 0.74 143.21
3.637 0.75 142.79
3.643 0.75 142.38
3.667 0.75 142.18
3.672 0.76 141.97
3.694 0.76 141.97
3.72 0.77 141.97
3.751 0.78 143.41
3.778 0.8 147.4
3.805 0.8 150.2
3.836 0.82 156.62
3.842 0.82 160.05
3.868 0.83 163.79
3.877 0.84 166.89
3.901 0.84 169.57
3.906 0.85 171.78
3.93 0.85 173.78
3.936 0.86 174.79
3.962 0.87 175.8
3.987 0.88 176.05
3.993 0.89 176.31
4.018 0.9 176.31
4.045 0.92 176.05
4.07 0.93 175.29
4.098 0.95 174.03
4.127 0.97 173.03
4.152 0.98 173.03
4.183 1 173.03
4.189 1 173.78
4.215 1 174.28
