SCRUB 
0.015 0.07 155.49
0.027 0.07 155.04
0.043 0.09 154.15
0.061 0.1 153.48
0.076 0.11 153.04
0.097 0.12 152.6
0.105 0.14 152.16
0.122 0.16 151.94
0.141 0.17 151.94
0.159 0.19 151.94
0.178 0.21 152.82
0.197 0.22 153.93
0.215 0.24 155.72
0.221 0.26 157.98
0.24 0.27 160.74
0.26 0.29 164.26
0.278 0.31 168.1
0.298 0.32 172.78
0.317 0.34 177.59
0.322 0.36 182.79
0.341 0.38 188.69
0.36 0.4 194.5
0.38 0.42 200.78
0.399 0.44 206.96
0.405 0.46 212.72
0.421 0.48 218.32
0.442 0.49 222.78
0.461 0.51 226.67
0.481 0.53 230.3
0.499 0.54 233.31
0.505 0.55 235.34
0.523 0.57 237.05
0.542 0.58 238.77
0.561 0.59 240.5
0.58 0.6 241.89
0.598 0.61 244.35
0.604 0.62 247.54
0.622 0.63 251.51
0.644 0.64 257.39
0.662 0.64 263.4
0.682 0.65 270.73
0.699 0.65 279.87
0.704 0.66 288.9
0.722 0.66 298.66
0.742 0.67 309.19
0.761 0.68 319.64
0.782 0.68 328.53
0.8 0.69 337.67
0.806 0.7 346.56
0.824 0.71 354.15
0.842 0.72 359.82
0.864 0.74 365.05
0.883 0.75 368.76
0.888 0.77 371.97
0.907 0.78 374.66
0.929 0.8 375.75
0.948 0.82 376.83
0.968 0.84 376.83
0.974 0.86 376.83
0.991 0.88 376.83
1.012 0.91 376.83
1.033 0.93 375.75
1.038 0.95 375.2
1.058 0.98 375.2
1.078 0.99 373.58
