SCRUB 
0.049 0.12 218
0.061 0.12 218
0.081 0.13 218
0.1 0.14 218.32
0.115 0.16 218.32
0.132 0.17 218.32
0.15 0.19 218.32
0.167 0.21 218
0.183 0.23 216.43
0.202 0.25 214.88
0.225 0.29 210.58
0.242 0.32 207.86
0.26 0.34 204.88
0.277 0.37 201.36
0.294 0.39 197.9
0.311 0.42 194.5
0.33 0.45 190.88
0.348 0.47 187.6
0.368 0.5 184.38
0.386 0.53 180.43
0.392 0.55 176.56
0.408 0.58 173.03
0.427 0.6 169.57
0.445 0.63 166.65
0.466 0.65 164.03
0.485 0.68 161.91
0.501 0.7 160.28
0.518 0.72 158.9
0.535 0.75 157.98
0.541 0.77 157.07
0.559 0.79 156.62
0.579 0.8 156.17
0.597 0.82 155.72
0.617 0.83 155.72
0.636 0.85 155.49
0.642 0.86 155.49
0.659 0.86 155.27
0.679 0.87 155.04
0.696 0.87 155.04
0.716 0.88 155.04
