SCRUB 
0.036 0.09 172.03
0.054 0.09 172.03
0.074 0.1 172.78
0.089 0.11 173.78
0.104 0.11 175.29
0.124 0.12 176.56
0.137 0.13 178.1
0.156 0.14 179.91
0.173 0.15 182
0.191 0.17 184.38
0.211 0.18 186.52
0.217 0.19 188.96
0.235 0.21 191.43
0.253 0.22 193.94
0.27 0.24 195.91
0.286 0.25 197.9
0.304 0.27 199.62
0.319 0.29 201.07
0.336 0.3 201.94
0.353 0.32 202.82
0.371 0.34 203.7
0.386 0.36 204.29
0.406 0.38 205.17
0.423 0.4 205.47
0.44 0.42 205.47
0.457 0.44 205.47
0.475 0.45 205.47
0.493 0.47 205.47
0.501 0.49 206.66
0.517 0.51 208.76
0.534 0.52 211.8
0.552 0.54 215.5
0.57 0.55 220.22
0.587 0.56 226.34
0.605 0.57 233.31
0.624 0.59 240.5
0.643 0.59 247.54
0.659 0.6 255.9
0.675 0.61 264.54
0.696 0.62 274.27
0.701 0.63 285.17
0.717 0.63 296.09
0.735 0.64 307.41
0.756 0.65 319.17
0.773 0.65 330.91
0.791 0.66 342.58
0.81 0.67 354.15
0.826 0.67 365.05
0.843 0.68 377.38
0.85 0.69 390.12
0.868 0.7 401.55
0.887 0.71 413.32
0.902 0.72 423.59
0.92 0.73 434.75
0.936 0.74 442.35
0.956 0.75 448.78
0.975 0.75 453.34
0.994 0.76 457.29
1.012 0.76 459.27
1.033 0.76 460.6
1.051 0.77 461.26
1.07 0.77 461.26
1.09 0.77 461.26
1.107 0.77 461.26
1.125 0.77 461.93
1.143 0.78 462.6
1.162 0.78 463.94
1.167 0.78 465.28
