SCRUB 
0.073 0.04 209.06
0.087 0.04 210.27
0.107 0.04 211.49
0.117 0.04 213.02
0.135 0.04 214.26
0.151 0.05 214.88
0.168 0.05 215.5
0.198 0.05 215.81
0.257 0.05 215.81
0.277 0.05 215.81
0.309 0.05 216.43
0.327 0.05 217.69
0.343 0.05 219.27
0.359 0.05 220.85
0.376 0.05 222.45
0.393 0.05 223.1
0.411 0.05 223.74
0.429 0.05 224.07
0.475 0.05 224.39
0.511 0.05 224.71
0.518 0.05 225.36
0.535 0.05 226.34
0.554 0.06 227.65
0.572 0.06 228.97
0.59 0.06 230.63
0.61 0.06 232.3
0.628 0.07 234.33
0.645 0.07 236.02
0.651 0.07 238.08
0.668 0.08 240.84
0.687 0.08 243.64
0.704 0.09 246.47
0.723 0.09 249.7
0.74 0.1 252.96
0.761 0.11 256.64
0.778 0.11 259.25
0.784 0.12 261.88
0.802 0.13 264.16
0.822 0.13 266.46
0.84 0.14 268.01
0.859 0.15 269.17
0.878 0.15 269.95
0.895 0.16 270.73
0.912 0.16 271.51
0.918 0.17 271.51
0.936 0.17 271.51
0.956 0.18 271.51
0.974 0.18 270.73
0.993 0.19 269.56
1.012 0.19 268.39
1.018 0.2 266.46
1.036 0.2 264.16
1.057 0.21 262.26
1.076 0.21 260
1.095 0.21 257.76
1.101 0.22 255.53
1.119 0.22 253.33
1.141 0.23 251.14
1.159 0.23 249.7
1.179 0.24 248.62
1.185 0.24 247.54
1.203 0.25 247.54
1.226 0.25 247.54
1.245 0.26 247.54
1.252 0.27 247.54
1.27 0.27 248.62
1.29 0.28 250.06
1.308 0.29 252.23
1.329 0.3 254.43
1.347 0.3 257.01
1.353 0.31 259.25
1.37 0.32 261.51
1.391 0.33 263.78
1.409 0.34 266.46
1.429 0.35 269.17
1.435 0.35 271.51
1.454 0.36 273.48
1.473 0.37 275.46
1.495 0.37 278.26
1.501 0.38 280.68
1.521 0.39 283.12
1.539 0.39 284.76
1.56 0.39 286
1.58 0.4 287.24
1.586 0.4 288.49
1.604 0.41 289.32
1.624 0.41 290.58
1.644 0.42 290.58
1.662 0.42 291.42
1.668 0.42 291.42
1.687 0.43 291.42
1.708 0.43 291.42
1.727 0.43 291.42
1.747 0.44 291.42
1.753 0.44 291.42
1.771 0.45 291.42
1.789 0.45 291.42
1.811 0.45 290.58
1.831 0.45 290.58
1.838 0.46 290.16
1.856 0.46 290.16
1.876 0.46 289.32
1.897 0.47 289.32
1.921 0.47 288.07
1.941 0.48 287.66
1.962 0.48 286.83
1.969 0.48 286.41
1.988 0.49 285.59
2.008 0.49 285.17
2.029 0.49 284.35
2.035 0.5 283.53
2.055 0.5 282.71
2.075 0.5 281.9
2.097 0.51 281.09
2.104 0.51 280.28
2.123 0.51 279.87
2.143 0.52 279.06
2.165 0.52 278.66
2.171 0.52 278.26
2.189 0.53 278.26
2.212 0.53 278.26
2.218 0.53 277.86
2.238 0.54 277.86
2.258 0.54 277.86
2.28 0.54 277.86
2.286 0.55 277.86
2.305 0.55 277.86
2.325 0.55 277.86
2.346 0.56 278.26
2.352 0.56 278.26
2.372 0.56 279.06
2.395 0.57 279.87
2.416 0.57 280.68
2.441 0.58 282.71
2.463 0.58 283.53
2.469 0.58 284.35
2.489 0.59 285.59
2.509 0.59 286.41
2.529 0.6 287.66
2.535 0.6 289.32
2.556 0.6 291.42
2.577 0.61 293.53
2.601 0.61 296.09
2.607 0.62 298.23
2.625 0.62 299.96
2.648 0.63 301.7
2.655 0.63 303.44
2.673 0.64 305.2
2.696 0.64 306.53
2.703 0.65 308.3
2.725 0.65 309.64
2.747 0.65 310.54
2.753 0.66 310.98
2.774 0.66 311.43
2.796 0.67 311.88
2.802 0.67 311.88
2.823 0.68 311.88
2.844 0.68 312.34
2.865 0.68 312.34
2.871 0.68 312.34
2.891 0.69 312.34
2.912 0.69 312.34
2.918 0.7 312.34
2.939 0.7 312.34
2.962 0.7 312.79
2.968 0.71 313.24
2.99 0.71 313.69
3.012 0.71 314.6
3.033 0.72 315.51
3.056 0.73 317.79
3.08 0.73 319.64
3.086 0.74 321.49
3.106 0.74 323.82
3.128 0.75 326.16
3.135 0.75 328.05
3.158 0.76 329.95
3.179 0.76 331.86
3.185 0.77 333.79
3.207 0.77 335.72
3.228 0.78 338.15
3.25 0.78 340.11
3.277 0.79 343.07
3.299 0.79 344.06
3.324 0.8 345.06
3.347 0.8 346.06
3.353 0.8 346.56
3.376 0.81 347.56
3.396 0.81 348.57
3.402 0.81 350.08
3.425 0.81 351.09
3.448 0.82 352.62
3.454 0.82 354.66
3.475 0.82 356.2
3.502 0.83 358.26
3.508 0.83 359.3
3.528 0.84 360.86
3.535 0.84 362.95
3.559 0.85 364
3.583 0.85 365.58
3.589 0.86 366.64
3.611 0.86 368.23
3.633 0.87 369.83
3.66 0.87 373.58
3.684 0.88 374.12
