SCRUB 
0.034 0.1 189.23
0.048 0.11 189.23
0.061 0.12 189.51
0.075 0.13 189.78
0.095 0.14 190.06
0.112 0.15 190.33
0.127 0.17 190.61
0.144 0.18 190.61
0.163 0.2 190.61
0.182 0.22 190.88
0.198 0.24 191.43
0.216 0.27 192.26
0.233 0.29 193.1
0.25 0.32 194.22
0.266 0.34 195.34
0.283 0.37 196.47
0.3 0.4 197.9
0.317 0.43 199.33
0.334 0.45 201.07
0.351 0.48 202.82
0.368 0.51 204.88
0.385 0.54 207.26
0.399 0.57 209.97
0.417 0.59 213.02
0.433 0.62 216.43
0.451 0.65 219.58
0.469 0.67 223.74
0.484 0.7 227.65
0.501 0.72 232.3
0.516 0.74 236.71
0.533 0.76 241.54
0.55 0.78 246.47
0.568 0.8 251.14
0.585 0.81 256.27
0.603 0.83 261.13
0.617 0.84 266.08
0.633 0.85 270.73
0.651 0.86 275.06
0.669 0.87 278.66
0.685 0.88 282.31
0.701 0.89 285.17
0.719 0.89 287.66
0.736 0.89 289.32
0.751 0.9 290.16
0.769 0.9 291
0.785 0.9 291.42
0.801 0.9 292.26
