SCRUB 
0.019 0.06 184.11
0.029 0.06 185.18
0.047 0.06 187.6
0.064 0.07 190.33
0.079 0.07 193.38
0.095 0.07 196.47
0.111 0.07 199.91
0.127 0.08 203.7
0.145 0.08 208.16
0.163 0.08 212.72
0.18 0.09 218.63
0.198 0.09 224.07
0.215 0.1 230.3
0.232 0.1 236.71
0.253 0.11 243.29
0.262 0.11 250.06
0.275 0.12 257.39
0.292 0.12 264.54
0.31 0.12 271.51
0.326 0.13 278.66
0.344 0.13 285.59
0.36 0.14 293.11
0.377 0.14 299.09
0.394 0.15 305.64
0.412 0.15 310.98
0.43 0.16 315.05
0.449 0.16 317.79
0.466 0.16 319.64
0.483 0.17 320.1
0.499 0.17 320.1
0.516 0.18 319.17
0.534 0.18 315.51
0.553 0.19 310.98
0.558 0.19 305.64
0.573 0.19 299.53
0.592 0.2 291.84
0.611 0.2 284.76
0.627 0.2 277.06
0.647 0.21 269.17
0.665 0.21 261.13
0.684 0.21 252.96
0.7 0.21 245.41
0.718 0.21 238.77
0.724 0.21 232.64
0.741 0.22 227
0.758 0.22 221.49
0.778 0.23 216.75
0.794 0.23 212.1
0.813 0.24 207.86
0.832 0.24 204.88
0.85 0.25 202.23
0.868 0.25 200.2
0.875 0.26 198.76
0.892 0.27 197.9
0.911 0.27 197.9
0.928 0.28 198.76
0.946 0.29 201.36
0.964 0.3 205.17
0.983 0.31 210.27
1.002 0.32 215.81
1.008 0.33 222.45
1.026 0.34 229.97
1.046 0.35 236.71
1.063 0.36 243.99
1.083 0.37 252.23
1.102 0.38 260.38
1.108 0.39 268.78
1.124 0.4 277.86
1.144 0.41 285.59
1.162 0.42 293.95
1.183 0.43 301.26
1.202 0.44 309.19
1.208 0.45 315.51
1.226 0.45 321.49
1.246 0.46 326.16
1.264 0.47 329.48
1.284 0.48 332.82
1.302 0.49 334.27
1.308 0.5 335.24
1.328 0.5 335.72
1.346 0.51 335.72
1.367 0.52 334.27
1.385 0.53 331.39
1.409 0.54 322.42
1.431 0.55 316.88
1.451 0.55 309.64
1.469 0.56 301.26
1.492 0.57 284.35
1.513 0.58 274.27
1.532 0.58 264.54
1.552 0.58 255.9
1.558 0.59 247.54
1.576 0.59 239.11
1.598 0.6 231.3
1.616 0.6 224.39
1.624 0.61 217.69
1.642 0.61 211.49
1.663 0.62 206.06
1.682 0.62 201.94
1.703 0.63 197.9
1.727 0.65 191.99
1.747 0.65 190.06
1.768 0.66 188.69
1.786 0.67 188.15
1.792 0.68 188.15
1.809 0.69 189.51
1.831 0.7 192.82
1.851 0.71 197.04
1.872 0.72 202.82
1.895 0.75 218
1.914 0.77 227
1.936 0.79 237.73
1.942 0.81 249.7
1.961 0.83 262.64
1.982 0.84 275.46
2.002 0.86 288.9
2.007 0.88 300.83
2.027 0.89 313.69
2.047 0.91 327.58
2.069 0.92 340.6
2.075 0.93 353.12
2.094 0.95 365.58
2.114 0.96 376.29
2.136 0.96 386.76
2.161 0.98 402.13
2.18 0.98 408.57
2.202 0.99 413.92
2.208 0.99 416.32
2.227 0.99 419.33
