SCRUB 
0.032 0.02 222.45
0.043 0.02 222.45
0.062 0.03 222.45
0.073 0.04 222.13
0.089 0.04 221.81
0.105 0.05 221.49
0.124 0.05 221.49
0.142 0.06 221.49
0.159 0.06 221.49
0.177 0.07 221.49
0.197 0.08 222.13
0.217 0.08 223.1
0.223 0.09 224.39
0.242 0.1 225.69
0.26 0.1 227.65
0.28 0.11 230.3
0.29 0.12 233.65
0.305 0.13 236.02
0.324 0.13 239.46
0.343 0.14 243.29
0.361 0.14 246.83
0.382 0.15 250.78
0.401 0.15 255.16
0.407 0.16 259.25
0.426 0.16 263.4
0.444 0.17 268.39
0.465 0.17 272.69
0.487 0.17 277.86
0.493 0.18 282.71
0.509 0.18 286.83
0.531 0.19 292.26
0.551 0.19 296.51
0.556 0.19 301.26
0.577 0.2 305.64
0.596 0.21 310.09
0.618 0.21 314.6
0.626 0.22 317.79
0.644 0.22 321.95
0.664 0.23 325.69
0.684 0.24 328.53
0.707 0.25 332.82
0.729 0.26 334.27
0.748 0.26 335.72
0.768 0.27 336.21
0.774 0.28 336.69
0.791 0.28 336.69
0.813 0.29 336.69
0.832 0.29 335.72
0.851 0.3 334.75
0.857 0.31 333.31
0.876 0.31 332.34
0.895 0.32 330.91
0.917 0.32 329.48
0.923 0.33 327.58
0.943 0.33 325.22
0.962 0.34 322.88
0.984 0.34 320.56
0.989 0.34 318.25
1.008 0.35 316.42
1.028 0.35 315.05
1.05 0.35 313.24
1.056 0.36 311.88
1.076 0.36 310.54
1.098 0.37 309.19
1.118 0.37 307.86
1.124 0.38 306.97
1.145 0.38 306.53
1.165 0.39 306.08
1.185 0.39 306.08
1.209 0.41 306.08
1.228 0.41 306.08
1.25 0.42 305.64
1.256 0.42 305.2
1.276 0.42 303.88
1.297 0.43 302.57
1.32 0.43 300.39
1.329 0.43 298.23
1.346 0.44 295.23
1.367 0.44 291.84
1.373 0.44 288.07
1.392 0.44 284.35
1.415 0.44 280.28
1.435 0.44 276.26
1.441 0.44 271.9
1.46 0.45 268.39
1.482 0.45 264.54
1.504 0.45 260.75
1.51 0.46 256.64
1.528 0.46 252.23
1.552 0.47 248.26
1.558 0.47 244.35
1.578 0.48 240.5
1.6 0.48 236.71
1.606 0.48 232.64
1.627 0.49 228.64
1.647 0.49 225.04
1.671 0.49 221.49
1.677 0.5 217.69
1.697 0.5 214.88
1.719 0.51 212.1
1.725 0.51 209.36
1.745 0.52 206.96
1.767 0.52 205.17
1.773 0.53 203.11
1.793 0.54 201.36
1.815 0.55 199.91
1.836 0.55 198.76
1.842 0.56 197.9
1.863 0.57 197.33
1.888 0.57 196.76
1.893 0.58 196.47
1.912 0.59 195.91
1.935 0.59 195.63
1.961 0.6 193.38
1.984 0.6 191.71
1.99 0.6 190.06
2.012 0.6 188.15
2.034 0.61 186.25
2.041 0.61 184.11
2.062 0.61 181.74
2.084 0.61 179.65
2.09 0.61 177.59
2.111 0.62 175.55
2.134 0.62 173.78
2.141 0.62 172.03
2.161 0.63 171.29
2.184 0.63 170.06
2.21 0.65 168.59
2.231 0.66 168.1
2.254 0.66 167.86
2.279 0.68 167.86
2.305 0.69 167.86
2.311 0.7 168.1
2.332 0.71 168.35
2.354 0.72 168.59
2.36 0.73 168.83
2.379 0.74 168.83
2.401 0.75 168.83
2.408 0.76 168.83
2.429 0.76 168.35
2.452 0.77 167.62
2.458 0.78 166.89
2.48 0.79 166.17
2.503 0.79 165.69
2.51 0.8 165.45
2.53 0.81 165.45
2.554 0.82 165.45
2.56 0.82 165.45
2.581 0.83 166.17
2.605 0.84 167.62
2.63 0.86 170.79
2.655 0.88 173.03
2.66 0.89 175.29
2.68 0.9 177.33
2.705 0.91 179.65
2.73 0.93 184.65
2.755 0.94 186.79
2.782 0.97 190.88
2.806 0.98 192.54
2.812 0.99 193.66
2.833 0.99 194.5
2.855 0.99 194.78
2.881 1 195.06
2.905 1 194.78
