SCRUB 
0.05 0.05 222.45
0.063 0.06 223.1
0.072 0.06 224.71
0.09 0.06 226.67
0.109 0.07 229.3
0.124 0.07 232.98
0.14 0.08 236.71
0.156 0.09 241.89
0.174 0.1 246.47
0.191 0.1 252.96
0.209 0.11 259.62
0.225 0.12 266.85
0.242 0.13 273.48
0.26 0.13 281.09
0.276 0.14 288.9
0.293 0.15 296.51
0.309 0.15 304.32
0.327 0.16 312.34
0.343 0.17 320.1
0.362 0.18 327.58
0.381 0.19 333.31
0.399 0.2 339.13
0.418 0.21 344.06
0.434 0.23 347.56
0.45 0.24 350.58
0.466 0.25 352.62
0.481 0.26 353.64
0.498 0.28 354.15
0.516 0.29 354.15
0.533 0.3 351.09
0.55 0.32 347.56
0.565 0.33 341.59
0.581 0.34 335.24
0.598 0.35 328.05
0.615 0.36 320.1
0.633 0.38 312.34
0.65 0.39 303.44
0.665 0.4 295.23
0.681 0.41 287.24
0.7 0.42 278.26
0.717 0.43 269.95
0.733 0.44 261.51
0.749 0.45 253.69
0.767 0.46 246.83
0.784 0.47 239.8
0.79 0.48 232.98
0.807 0.49 226.67
0.826 0.5 220.85
0.844 0.51 215.19
0.86 0.52 209.67
0.881 0.53 204.58
0.899 0.53 199.33
0.916 0.54 195.34
0.934 0.55 190.88
0.951 0.56 187.6
0.956 0.57 184.91
0.973 0.58 182.79
0.992 0.58 181.74
1.011 0.6 181.47
1.029 0.61 181.47
1.048 0.62 182.53
1.066 0.63 184.11
1.084 0.65 186.52
1.102 0.66 189.78
1.123 0.69 197.04
1.142 0.7 199.62
1.161 0.71 202.23
1.178 0.72 203.99
1.198 0.73 205.17
1.217 0.75 205.77
1.223 0.76 205.77
1.24 0.77 205.77
1.258 0.79 205.77
1.277 0.81 205.77
1.297 0.82 205.17
1.315 0.84 205.17
1.334 0.85 205.17
1.34 0.86 205.17
1.36 0.88 205.17
1.38 0.89 205.17
1.398 0.9 205.17
1.417 0.91 205.17
1.423 0.91 205.17
1.441 0.91 205.17
1.461 0.91 205.17
1.478 0.91 205.17
1.497 0.92 205.17
1.515 0.92 205.17
1.551 0.92 206.06
