SCRUB 
0.025 0.03 213.02
0.042 0.03 213.02
0.052 0.04 213.64
0.069 0.05 214.57
0.086 0.06 215.19
0.103 0.07 215.19
0.119 0.08 215.19
0.137 0.1 215.19
0.154 0.11 215.19
0.173 0.13 215.19
0.19 0.14 215.19
0.207 0.16 215.19
0.224 0.18 214.88
0.241 0.2 214.26
0.258 0.22 213.02
0.275 0.24 211.49
0.293 0.26 209.97
0.309 0.28 207.86
0.325 0.3 205.77
0.342 0.32 203.11
0.359 0.35 199.91
0.374 0.37 195.91
0.39 0.39 192.26
0.408 0.41 187.87
0.425 0.43 183.32
0.441 0.44 178.36
0.459 0.46 173.78
0.476 0.48 169.57
0.492 0.5 166.17
0.508 0.52 163.08
0.526 0.54 160.28
0.543 0.55 157.98
0.558 0.58 155.27
0.574 0.6 152.6
0.592 0.61 150.2
0.61 0.64 147.62
0.627 0.65 145.5
0.633 0.68 143.62
0.649 0.7 142.18
0.666 0.72 140.95
0.685 0.74 139.73
0.703 0.76 138.93
0.724 0.78 137.93
0.743 0.8 137.13
0.76 0.81 136.94
0.776 0.83 136.94
0.792 0.85 136.94
0.809 0.87 137.53
0.816 0.88 138.13
0.833 0.9 138.93
0.852 0.91 139.33
0.871 0.92 139.94
0.888 0.93 140.75
0.907 0.94 141.36
0.925 0.95 142.38
0.943 0.96 143.21
0.95 0.96 143.62
