SCRUB 
0.035 0.11 202.82
0.047 0.11 202.82
0.062 0.12 202.82
0.08 0.13 202.82
0.096 0.14 202.52
0.112 0.16 201.94
0.129 0.17 201.36
0.146 0.19 200.49
0.162 0.2 199.33
0.178 0.22 198.47
0.196 0.25 197.9
0.213 0.27 197.61
0.228 0.3 197.61
0.246 0.32 197.61
0.263 0.35 197.9
0.278 0.38 198.76
0.295 0.41 199.62
0.312 0.44 201.07
0.33 0.46 202.52
0.345 0.49 203.99
0.362 0.52 205.47
0.38 0.55 207.26
0.395 0.58 209.67
0.412 0.6 211.8
0.429 0.63 214.57
0.446 0.65 217.37
0.464 0.68 221.49
0.479 0.7 225.36
0.498 0.73 230.3
0.517 0.75 235.34
0.534 0.77 240.15
0.551 0.79 245.41
0.569 0.81 250.78
0.59 0.83 255.9
0.596 0.84 261.13
0.611 0.85 265.69
0.629 0.86 269.56
0.646 0.87 273.48
0.664 0.88 277.06
0.68 0.89 280.28
0.697 0.9 282.71
0.715 0.9 284.76
0.731 0.9 286.41
0.749 0.91 286.83
0.77 0.91 287.66
0.787 0.91 288.07
