SCRUB 
0.156 0.02 357.23
0.173 0.03 357.23
0.189 0.03 357.23
0.209 0.04 357.23
0.225 0.05 357.23
0.242 0.05 357.23
0.26 0.06 357.23
0.277 0.06 357.23
0.293 0.07 356.2
0.311 0.07 355.17
0.326 0.08 353.12
0.345 0.08 351.09
0.363 0.09 349.07
0.38 0.09 347.56
0.4 0.1 345.56
0.416 0.1 343.57
0.433 0.11 341.59
0.439 0.11 339.62
0.456 0.12 337.67
0.475 0.12 335.72
0.491 0.13 333.31
0.51 0.13 331.39
0.526 0.13 329.48
0.545 0.14 326.63
0.564 0.14 324.28
0.584 0.15 322.42
0.59 0.15 319.64
0.607 0.15 317.34
0.627 0.15 314.6
0.645 0.16 312.34
0.664 0.16 309.64
0.682 0.17 306.53
0.7 0.17 304.32
0.705 0.17 301.26
0.723 0.18 298.23
0.743 0.18 295.23
0.762 0.19 292.26
0.781 0.19 288.49
0.8 0.2 285.59
0.806 0.2 282.31
0.822 0.21 279.47
0.844 0.21 276.66
0.861 0.22 273.48
0.882 0.22 270.73
0.9 0.23 267.62
0.917 0.23 264.54
0.922 0.24 262.26
0.939 0.25 259.62
0.959 0.25 257.01
0.977 0.26 254.8
0.998 0.26 252.23
1.018 0.27 250.06
1.024 0.27 247.9
1.043 0.28 245.76
1.062 0.28 243.99
1.082 0.29 241.89
1.1 0.29 240.15
1.106 0.3 238.42
1.125 0.3 237.05
1.143 0.31 235.68
1.164 0.31 234.66
1.183 0.32 233.65
1.189 0.32 232.64
1.209 0.33 231.97
1.229 0.33 231.3
1.25 0.34 230.63
1.256 0.34 230.3
1.275 0.35 229.97
1.295 0.35 229.3
1.317 0.36 228.97
1.336 0.37 228.31
1.342 0.37 228.31
1.36 0.38 228.31
1.379 0.39 228.31
1.4 0.39 227.98
1.407 0.4 227.65
1.425 0.41 227.65
1.447 0.42 227.65
1.467 0.43 227.65
1.473 0.43 227.65
1.493 0.44 227.65
1.511 0.45 227.98
1.533 0.46 228.31
1.539 0.47 228.31
1.559 0.48 228.64
1.579 0.48 228.97
1.598 0.49 229.3
1.618 0.5 229.3
1.624 0.51 229.97
1.643 0.51 230.63
1.662 0.52 231.3
1.683 0.53 232.3
1.701 0.53 232.98
1.707 0.54 233.99
1.726 0.55 235.34
1.745 0.55 236.71
1.767 0.56 237.73
1.774 0.57 239.11
1.793 0.58 240.5
1.813 0.58 241.54
1.834 0.59 242.59
1.84 0.6 243.99
1.858 0.61 245.41
1.88 0.61 246.83
1.901 0.62 248.98
1.907 0.63 250.78
1.927 0.64 252.96
1.947 0.65 255.16
1.97 0.65 258.13
1.976 0.66 261.13
1.994 0.67 265.31
2.014 0.68 269.17
2.035 0.69 273.48
2.041 0.7 278.66
2.061 0.72 283.53
2.081 0.73 288.49
2.103 0.74 293.95
2.109 0.75 299.53
2.128 0.76 305.64
2.149 0.78 311.88
2.171 0.79 319.17
2.176 0.8 326.63
2.195 0.81 334.27
2.218 0.83 343.07
2.224 0.84 351.6
2.243 0.85 360.86
2.265 0.87 371.97
2.285 0.88 382.31
2.291 0.89 392.38
2.314 0.9 403.3
2.338 0.91 414.52
2.362 0.93 436.64
2.388 0.93 446.84
2.394 0.94 457.29
2.414 0.95 466.62
2.438 0.95 475.47
2.444 0.96 483.78
2.463 0.96 491.52
2.484 0.97 498.67
2.49 0.97 502.29
2.511 0.98 505.93
2.533 0.98 506.66
2.553 0.98 507.39
2.631 0.98 507.39
