SCRUB 
0.05 0.06 195.63
0.061 0.06 197.33
0.071 0.06 199.62
0.089 0.07 201.94
0.107 0.07 205.17
0.124 0.07 208.76
0.142 0.08 212.72
0.163 0.08 218
0.184 0.08 222.45
0.19 0.09 228.97
0.207 0.09 234.66
0.227 0.09 241.54
0.244 0.09 248.62
0.264 0.1 255.9
0.283 0.1 263.4
0.289 0.1 271.12
0.307 0.1 279.06
0.325 0.1 286.41
0.346 0.1 293.95
0.365 0.1 300.39
0.385 0.1 308.3
0.394 0.1 314.6
0.411 0.1 321.95
0.422 0.1 328.05
0.439 0.1 334.27
0.457 0.1 341.1
0.477 0.1 347.56
0.495 0.11 354.66
0.515 0.11 360.86
0.532 0.12 367.16
0.549 0.12 373.58
0.567 0.13 379.02
0.573 0.14 382.87
0.59 0.14 386.76
0.61 0.15 390.69
0.627 0.15 393.52
0.648 0.16 395.8
0.667 0.17 396.37
0.675 0.18 397.52
0.692 0.19 397.52
0.712 0.2 397.52
0.732 0.21 396.37
0.749 0.21 394.09
0.755 0.22 390.69
0.777 0.23 387.32
0.796 0.24 383.42
0.816 0.24 379.02
0.834 0.25 373.58
0.839 0.25 367.16
0.857 0.26 361.9
0.878 0.27 355.68
0.897 0.27 349.57
0.916 0.28 343.57
0.921 0.28 337.18
0.94 0.29 330.91
0.961 0.29 325.69
0.98 0.3 319.64
1 0.31 313.69
1.006 0.31 308.3
1.025 0.32 303.01
1.045 0.33 298.23
1.066 0.33 293.11
1.072 0.34 288.07
1.091 0.35 283.12
1.113 0.35 278.26
1.132 0.36 273.48
1.138 0.36 269.17
1.158 0.37 264.54
1.179 0.38 260.75
1.197 0.38 256.64
1.217 0.39 252.6
1.223 0.39 248.62
1.242 0.4 245.05
1.261 0.4 240.84
1.283 0.41 237.39
1.303 0.41 233.99
1.309 0.42 230.63
1.327 0.42 227.33
1.348 0.43 224.39
1.367 0.43 221.17
1.372 0.44 218
1.391 0.44 215.19
1.413 0.45 212.41
1.434 0.45 209.67
1.441 0.46 207.26
1.461 0.46 204.88
1.482 0.47 202.52
1.488 0.47 200.49
1.509 0.48 197.9
1.529 0.48 195.91
1.55 0.49 194.22
1.575 0.5 190.33
1.596 0.5 188.42
1.615 0.51 186.79
1.622 0.52 184.91
1.641 0.52 183.05
1.664 0.53 181.21
1.687 0.54 179.13
1.71 0.55 175.8
1.732 0.56 173.78
1.751 0.57 172.03
1.756 0.58 170.06
1.775 0.59 168.35
1.794 0.6 166.89
1.816 0.61 165.45
1.822 0.63 164.03
1.842 0.64 162.38
1.864 0.65 161.44
1.885 0.66 160.74
1.891 0.68 160.28
1.909 0.69 159.59
1.929 0.71 159.36
1.95 0.72 159.13
1.956 0.73 159.13
1.978 0.75 159.13
2 0.76 159.82
2.026 0.8 164.03
2.048 0.81 166.65
2.055 0.83 169.81
2.076 0.84 173.53
2.096 0.86 177.59
2.118 0.88 182.26
2.124 0.89 186.79
2.143 0.91 191.43
2.165 0.92 196.47
2.172 0.94 201.65
2.192 0.95 206.96
2.211 0.96 211.49
2.233 0.98 216.43
2.24 0.99 220.54
2.26 0.99 224.39
2.282 1 227.33
2.304 1 229.97
2.309 1 232.3
2.328 1 233.99
2.35 1 235.68
