0 0.1053 192.8209
0.056 0.1132 195.3433
0.072 0.12 195.3433
0.09 0.128 197.3279
0.107 0.1388 200.1981
0.123 0.1513 204.2867
0.14 0.1661 209.6663
0.157 0.1815 215.4986
0.171 0.1974 223.0981
0.189 0.2116 229.6354
0.206 0.2264 235.6826
0.219 0.2418 241.5399
0.238 0.2566 246.829
0.257 0.2748 251.8698
0.273 0.293 254.4287
0.288 0.3129 255.1646
0.309 0.3334 255.1646
0.328 0.3573 253.695
0.338 0.3783 247.9006
0.355 0.4017 240.8433
0.374 0.4233 233.3122
0.39 0.4438 225.0395
0.407 0.4625 218.0025
0.424 0.4808 211.1856
0.438 0.4972 205.1736
0.459 0.5137 199.3327
0.479 0.5291 193.9379
0.493 0.5445 188.9618
0.505 0.5604 184.1134
0.523 0.5758 179.9083
0.539 0.5917 176.8176
0.555 0.6076 174.7866
0.573 0.6241 172.2808
0.589 0.6412 170.0562
0.605 0.6605 167.1347
0.625 0.6816 163.7897
0.639 0.6987 161.6748
0.67 0.714 160.2801
0.675 0.7277 159.3569
0.689 0.7396 158.668
0.706 0.7516 158.4391
0.721 0.7624 158.2105
0.74 0.7726 158.2105
